2.36106    1000
4.72381    6000
5.90519    11000
7.08487    16000
7.08699    21000
7.08912    26000
7.09124    31000
8.26752    36000
8.26965    41000
8.27177    46000
8.2739    51000
8.27602    56000
8.27814    61000
9.44763    66000
9.44975    66075
9.45188    66150
9.454    66225
9.45612    66300
9.45825    66375
9.46037    66450
9.4625    66525
9.46462    66600
9.46674    66675
9.46887    66745
9.47099    66815
9.47312    66885
10.629    66955
10.6311    67025
10.6333    67095
10.6354    67165
10.6375    67235
10.6396    67305
10.6418    67375
10.6439    67445
10.646    67515
10.6481    67585
10.6502    67655
10.6524    67725
10.6545    67795
11.81    67865
11.8121    67935
11.8142    68005
11.8163    68075
11.8185    68145
11.8206    68215
11.8227    68285
11.8248    68355
11.827    68425
11.8291    68495
11.8312    68565
11.8333    68635
11.8354    68705
12.9909    68775
12.993    68845
12.9952    68915
12.9973    68985
12.9994    69055
13.0015    69125
13.0037    69195
13.0058    69265
13.0079    69335
13.01    69405
13.0122    69475
13.0143    69545
13.0164    69615
14.1719    69685
14.174    69755
14.1761    69825
14.1782    69895
14.1804    69965
14.1825    70035
14.1846    70105
14.1867    70175
14.1889    70245
14.191    70315
14.1931    70385
14.1952    70455
14.1974    70525
15.3528    70595
15.3549    70665
15.3571    70735
15.3592    70805
15.3613    70875
15.3634    70945
15.3656    71015
15.3677    71085
15.3698    71155
15.3719    71225
15.3741    71295
15.3762    71365
15.3783    71435
16.5338    71500
16.5359    71565
16.538    71630
16.5401    71695
16.5423    71760
16.5444    71825
16.5465    71890
16.5486    71955
16.5508    72020
16.5529    72085
16.555    72150
16.5571    72215
16.5593    72280
17.7147    72345
17.7169    72410
17.719    72475
17.7211    72540
17.7232    72605
17.7253    72670
17.7275    72735
17.7296    72800
17.7317    72865
17.7338    72930
17.736    72995
17.7381    73060
17.7402    73125
18.8957    73190
18.8978    73255
18.8999    73320
18.9021    73385
18.9042    73450
18.9063    73515
18.9084    73580
18.9106    73645
18.9127    73710
18.9148    73775
18.9169    73840
18.919    73905
18.9212    73970
20.0766    74035
20.0788    74100
20.0809    74165
20.083    74230
20.0851    74295
20.0873    74360
20.0894    74425
20.0915    74490
20.0936    74555
20.0958    74620
20.0979    74685
20.1    74750
20.1021    74815
21.2576    74880
21.2597    74945
21.2618    75010
21.264    75075
21.2661    75140
21.2682    75205
21.2703    75270
21.2725    75335
21.2746    75400
21.2767    75465
21.2788    75530
21.281    75595
21.2831    75660
22.4385    75725
22.4407    75790
22.4428    75855
22.4449    75920
22.447    75985
22.4492    76050
22.4513    76115
22.4534    76180
22.4555    76245
22.4577    76310
22.4598    76375
22.4619    76440
22.464    76505
23.6195    76570
23.6216    76635
23.6237    76700
23.6259    76765
23.628    76830
23.6301    76895
23.6322    76958
23.6344    77018
23.6365    77078
23.6386    77138
23.6407    77198
23.6429    77258
23.645    77318
24.8005    77378
24.8026    77438
24.8047    77498
24.8068    77558
24.8089    77618
24.8111    77678
24.8132    77738
24.8153    77798
24.8174    77858
24.8196    77918
24.8217    77978
24.8238    78038
24.8259    78098
25.9814    78158
25.9835    78218
25.9857    78278
25.9878    78338
25.9899    78398
25.992    78458
25.9942    78518
25.9963    78578
25.9984    78638
26.0005    78698
26.0026    78758
26.0048    78818
26.0069    78878
27.1624    78938
27.1645    78998
27.1666    79058
27.1687    79118
27.1709    79178
27.173    79238
27.1751    79298
27.1772    79358
27.1794    79418
27.1815    79478
27.1836    79538
27.1857    79598
27.1878    79658
28.3433    79718
28.3454    79778
28.3476    79838
28.3497    79898
28.3518    79958
28.3539    80018
28.3561    80078
28.3582    80138
28.3603    80198
28.3624    80258
28.3646    80318
28.3667    80378
28.3688    80438
29.5243    80498
29.5264    80558
29.5285    80618
29.5306    80678
29.5328    80738
29.5349    80798
29.537    80858
29.5391    80918
29.5413    80978
29.5434    81038
29.5455    81098
29.5476    81158
29.5498    81218
30.7052    81278
30.7073    81338
30.7095    81398
30.7116    81458
30.7137    81518
30.7158    81578
30.718    81638
30.7201    81698
30.7222    81758
30.7243    81818
30.7265    81878
30.7286    81938
30.7307    81998
31.8862    82058
31.8883    82118
31.8904    82178
31.8925    82238
31.8947    82298
31.8968    82358
31.8989    82418
31.901    82478
31.9032    82538
31.9053    82598
31.9074    82658
31.9095    82718
31.9117    82778
33.0671    82838
33.0693    82898
33.0714    82958
33.0735    83018
33.0756    83078
33.0777    83138
33.0799    83198
33.082    83258
33.0841    83318
33.0862    83375
33.0884    83430
33.0905    83485
33.0926    83540
34.2481    83595
34.2502    83650
34.2523    83705
34.2545    83760
34.2566    83815
34.2587    83870
34.2608    83925
34.263    83980
34.2651    84035
34.2672    84090
34.2693    84145
34.2714    84200
34.2736    84255
35.429    84310
35.4312    84365
35.4333    84420
35.4354    84475
35.4375    84530
35.4397    84585
35.4418    84640
35.4439    84695
35.446    84750
35.4482    84805
35.4503    84860
35.4524    84915
35.4545    84970
36.61    85025
36.6121    85080
36.6142    85135
36.6164    85190
36.6185    85245
36.6206    85300
36.6227    85355
36.6249    85410
36.627    85465
36.6291    85520
36.6312    85575
36.6334    85630
36.6355    85685
37.7909    85740
37.7931    85795
37.7952    85850
37.7973    85905
37.7994    85960
37.8016    86015
37.8037    86070
37.8058    86125
37.8079    86180
37.8101    86235
37.8122    86290
37.8143    86345
37.8164    86400
38.9719    86455
38.974    86510
38.9761    86565
38.9783    86620
38.9804    86675
38.9825    86730
38.9846    86785
38.9868    86840
38.9889    86895
38.991    86950
38.9931    87005
38.9953    87060
38.9974    87115
40.1529    87170
40.155    87225
40.1571    87280
40.1592    87335
40.1613    87390
40.1635    87445
40.1656    87500
40.1677    87555
40.1698    87610
40.172    87665
40.1741    87720
40.1762    87775
40.1783    87830
41.3338    87885
41.3359    87940
41.3381    87995
41.3402    88050
41.3423    88105
41.3444    88160
41.3466    88215
41.3487    88270
41.3508    88325
41.3529    88380
41.355    88435
41.3572    88490
41.3593    88545
42.5148    88600
42.5169    88655
42.519    88710
42.5211    88765
42.5233    88820
42.5254    88875
42.5275    88930
42.5296    88985
42.5318    89040
42.5339    89095
42.536    89150
42.5381    89205
42.5402    89260
43.6957    89315
43.6978    89370
43.7    89425
43.7021    89480
43.7042    89535
43.7063    89590
43.7085    89645
43.7106    89700
43.7127    89755
43.7148    89810
43.717    89865
43.7191    89920
43.7212    89975
44.8767    90030
44.8788    90085
44.8809    90140
44.883    90195
44.8852    90250
44.8873    90305
44.8894    90360
44.8915    90415
44.8937    90470
44.8958    90525
44.8979    90580
44.9    90635
44.9022    90690
46.0576    90745
46.0597    90800
46.0619    90855
46.064    90910
46.0661    90960
46.0682    91010
46.0704    91060
46.0725    91110
46.0746    91160
46.0767    91210
46.0789    91260
46.081    91310
46.0831    91360
47.2386    91410
47.2407    91460
47.2428    91510
47.2449    91560
47.2471    91610
47.2492    91660
47.2513    91710
47.2534    91760
47.2556    91810
47.2577    91860
47.2598    91910
47.2619    91960
47.2641    92010
48.4195    92060
48.4217    92110
48.4238    92160
48.4259    92210
48.428    92260
48.4301    92310
48.4323    92360
48.4344    92410
48.4365    92460
48.4386    92510
48.4408    92560
48.4429    92610
48.445    92660
49.6005    92710
49.6026    92760
49.6047    92810
49.6069    92860
49.609    92910
49.6111    92960
49.6132    93010
49.6154    93060
49.6175    93110
49.6196    93160
49.6217    93210
49.6238    93260
49.626    93310
50.7814    93360
50.7836    93410
50.7857    93460
50.7878    93510
50.7899    93560
50.7921    93610
50.7942    93660
50.7963    93710
50.7984    93760
50.8006    93810
50.8027    93860
50.8048    93910
50.8069    93960
51.9624    94010
51.9645    94060
51.9666    94110
51.9688    94160
51.9709    94210
51.973    94260
51.9751    94310
51.9773    94360
51.9794    94410
51.9815    94460
51.9836    94510
51.9858    94560
51.9879    94610
53.1433    94660
53.1455    94710
53.1476    94760
53.1497    94810
53.1518    94860
53.154    94910
53.1561    94960
53.1582    95010
53.1603    95060
53.1625    95110
53.1646    95160
53.1667    95210
53.1688    95260
54.3243    95310
54.3264    95360
54.3285    95410
54.3307    95460
54.3328    95510
54.3349    95560
54.337    95610
54.3392    95660
54.3413    95710
54.3434    95760
54.3455    95810
54.3477    95860
54.3498    95910
55.5053    95960
55.5074    96010
55.5095    96060
55.5116    96110
55.5137    96160
55.5159    96210
55.518    96260
55.5201    96310
55.5222    96360
55.5244    96410
55.5265    96460
55.5286    96510
55.5307    96560
56.6862    96610
56.6883    96660
56.6905    96710
56.6926    96760
56.6947    96810
56.6968    96860
56.699    96910
56.7011    96960
56.7032    97010
56.7053    97060
56.7074    97110
56.7096    97160
56.7117    97210
57.8672    97260
57.8693    97310
57.8714    97360
57.8735    97410
57.8757    97460
57.8778    97510
57.8799    97560
57.882    97610
57.8842    97660
57.8863    97710
57.8884    97760
57.8905    97810
57.8926    97860
59.0481    97910
59.0502    97960
59.0524    98010
59.0545    98060
59.0566    98110
59.0587    98160
59.0609    98210
59.063    98260
59.0651    98310
59.0672    98360
59.0694    98410
59.0715    98460
59.0736    98510
60.2291    98560
60.2312    98610
60.2333    98660
60.2354    98710
60.2376    98760
60.2397    98810
60.2418    98860
60.2439    98910
60.2461    98960
60.2482    99010
60.2503    99060
60.2524    99110
60.2546    99160
61.41    99210
61.4121    99260
61.4143    99310
61.4164    99360
61.4185    99410
61.4206    99460
61.4228    99510
61.4249    99560
61.427    99610
61.4291    99660
61.4313    99710
61.4334    99760
61.4355    99810
62.591    99860
62.5931    99910
62.5952    99960
62.5973    100010
62.5995    100055
62.6016    100100
62.6037    100145
62.6058    100190
62.608    100235
62.6101    100280
62.6122    100325
62.6143    100370
62.6165    100415
63.7719    100460
63.7741    100505
63.7762    100550
63.7783    100595
63.7804    100640
63.7825    100685
63.7847    100730
63.7868    100775
63.7889    100820
63.791    100865
63.7932    100910
63.7953    100955
63.7974    101000
64.9529    101045
64.955    101090
64.9571    101135
64.9593    101180
64.9614    101225
64.9635    101270
64.9656    101315
64.9678    101360
64.9699    101405
64.972    101450
64.9741    101495
64.9762    101540
64.9784    101585
66.1338    101630
66.136    101675
66.1381    101720
66.1402    101765
66.1423    101810
66.1445    101855
66.1466    101900
66.1487    101945
66.1508    101990
66.153    102035
66.1551    102080
66.1572    102125
66.1593    102170
67.3148    102215
67.3169    102260
67.319    102305
67.3212    102350
67.3233    102395
67.3254    102440
67.3275    102485
67.3297    102530
67.3318    102575
67.3339    102620
67.336    102665
67.3382    102710
67.3403    102755
68.4957    102800
68.4979    102845
68.5    102890
68.5021    102935
68.5042    102980
68.5064    103025
68.5085    103070
68.5106    103115
68.5127    103160
68.5149    103205
68.517    103250
68.5191    103295
68.5212    103340
69.6767    103385
69.6788    103430
69.6809    103475
69.6831    103520
69.6852    103565
69.6873    103610
69.6894    103655
69.6916    103700
69.6937    103745
69.6958    103790
69.6979    103835
69.7001    103880
69.7022    103925
70.8577    103970
70.8598    104015
70.8619    104060
70.864    104105
70.8661    104150
70.8683    104195
70.8704    104240
70.8725    104285
70.8746    104330
70.8768    104375
70.8789    104420
70.881    104465
70.8831    104510
72.0386    104555
72.0407    104600
72.0429    104645
72.045    104690
72.0471    104735
72.0492    104780
72.0514    104825
72.0535    104870
72.0556    104915
72.0577    104960
72.0598    105005
72.062    105050
72.0641    105095
73.2196    105140
73.2217    105185
73.2238    105230
73.2259    105275
73.2281    105320
73.2302    105365
73.2323    105410
73.2344    105455
73.2366    105500
73.2387    105545
73.2408    105590
73.2429    105635
73.245    105680
74.4005    105725
74.4026    105770
74.4048    105815
74.4069    105860
74.409    105905
74.4111    105950
74.4133    105995
74.4154    106040
74.4175    106085
74.4196    106130
74.4218    106175
74.4239    106220
74.426    106265
75.5815    106310
75.5836    106355
75.5857    106400
75.5878    106445
75.59    106490
75.5921    106535
75.5942    106580
75.5963    106625
75.5985    106670
75.6006    106715
75.6027    106760
75.6048    106805
75.607    106850
76.7624    106895
76.7645    106940
76.7667    106985
76.7688    107030
76.7709    107075
76.773    107120
76.7752    107165
76.7773    107210
76.7794    107255
76.7815    107300
76.7837    107345
76.7858    107390
76.7879    107435
77.9434    107480
77.9455    107525
77.9476    107570
77.9497    107615
77.9519    107660
77.954    107705
77.9561    107750
77.9582    107795
77.9604    107840
77.9625    107885
77.9646    107930
77.9667    107975
77.9689    108020
79.1243    108065
79.1265    108110
79.1286    108155
79.1307    108200
79.1328    108245
79.1349    108290
79.1371    108335
79.1392    108380
79.1413    108425
79.1434    108470
79.1456    108515
79.1477    108560
79.1498    108605
80.3053    108650
80.3074    108695
80.3095    108740
80.3117    108785
80.3138    108830
80.3159    108875
80.318    108920
80.3202    108965
80.3223    109010
80.3244    109055
80.3265    109100
80.3286    109145
80.3308    109190
81.4862    109235
81.4884    109280
81.4905    109325
81.4926    109370
81.4947    109415
81.4969    109460
81.499    109505
81.5011    109550
81.5032    109595
81.5054    109640
81.5075    109685
81.5096    109730
81.5117    109775
82.6672    109820
82.6693    109865
82.6714    109910
82.6736    109955
82.6757    110000
82.6778    110045
82.6799    110090
82.6821    110135
82.6842    110180
82.6863    110225
82.6884    110270
82.6906    110315
82.6927    110360
83.8481    110405
83.8503    110450
83.8524    110495
83.8545    110540
83.8566    110585
83.8588    110630
83.8609    110675
83.863    110720
83.8651    110765
83.8673    110810
83.8694    110855
83.8715    110900
83.8736    110945
85.0291    110990
85.0312    111035
85.0333    111080
85.0355    111124
85.0376    111164
85.0397    111204
85.0418    111244
85.044    111284
85.0461    111324
85.0482    111364
85.0503    111404
85.0525    111444
85.0546    111484
86.2101    111524
86.2122    111564
86.2143    111604
86.2164    111644
86.2185    111684
86.2207    111724
86.2228    111764
86.2249    111804
86.227    111844
86.2292    111884
86.2313    111924
86.2334    111964
86.2355    112004
87.391    112044
87.3931    112084
87.3953    112124
87.3974    112164
87.3995    112204
87.4016    112244
87.4038    112284
87.4059    112324
87.408    112364
87.4101    112404
87.4122    112444
87.4144    112484
87.4165    112524
88.572    112564
88.5741    112604
88.5762    112644
88.5783    112684
88.5805    112724
88.5826    112764
88.5847    112804
88.5868    112844
88.589    112884
88.5911    112924
88.5932    112964
88.5953    113004
88.5974    113044
89.7529    113084
89.755    113124
89.7572    113164
89.7593    113204
89.7627    113244
93.306    2000
95.6683    2500
96.8501    4093
98.0319    5193
99.2129    6090
100.394    6868
