2.36106    12000
4.72134    21000
5.90226    30000
5.90268    39000
5.90357    48000
7.08321    57000
7.08364    66000
7.08406    75000
7.08449    84000
7.08495    93000
7.08622    102000
7.08794    111000
8.26423    120000
8.26466    129000
8.26508    138000
8.26551    147000
8.26593    156000
8.26636    165000
8.26678    174000
8.26721    183000
8.26847    192000
8.26974    201000
8.27142    210000
8.27314    219000
9.44515    228000
9.44558    237000
9.446    246000
9.44643    255000
9.44685    264000
9.44728    273000
9.4477    282000
9.44813    291000
9.44855    300000
9.44898    309000
9.4494    318000
9.44983    327000
9.45025    336000
9.45068    345000
9.4511    354000
9.45153    363000
9.45238    372000
9.45365    379002
9.45492    385005
9.4562    391008
9.45747    397011
9.45876    402015
9.46087    407019
9.46259    411024
9.46469    416028
10.6261    423030
10.6265    431031
10.627    439032
10.6274    447033
10.6278    455034
10.6282    463035
10.6287    471036
10.6291    479037
10.6295    487038
10.6299    495039
10.6304    503040
10.6308    511041
10.6312    519042
10.6316    527043
10.6321    535044
10.6325    543045
10.6329    551046
10.6333    559047
10.6338    567048
10.6342    575049
10.6346    583050
10.635    591051
10.6355    599052
10.6359    607053
10.6363    615054
10.6367    623055
10.6372    631056
10.6376    639057
10.638    647058
10.6384    655059
10.6389    663060
10.6393    671061
10.6401    677064
10.6414    683067
10.6427    689070
10.644    695073
10.6452    701076
10.6465    707079
10.6478    713082
10.6491    719085
10.6503    725088
10.6516    731091
10.6529    737094
10.6563    745095
10.6601    754095
10.6639    763095
11.807    772095
11.8075    780096
11.8079    786099
11.8083    787107
11.8087    788115
11.8092    788124
11.8096    788133
11.81    789141
11.8104    789150
11.8109    790158
11.8113    790167
11.8117    790176
11.8121    790185
11.8126    790194
11.813    790203
11.8134    790212
11.8138    790221
11.8142    790230
11.8147    790239
11.8151    790248
11.8155    790257
11.8159    790266
11.8164    790275
11.8168    790284
11.8172    790293
11.8176    790302
11.8181    790311
11.8185    790320
11.8189    790329
11.8193    790338
11.8198    790347
11.8202    790356
11.8206    790365
11.821    790374
11.8215    790383
11.8219    790392
11.8223    790401
11.8227    790410
11.8232    790419
11.8236    790428
11.824    790437
11.8244    790446
11.8249    790455
11.8253    790464
11.8257    790473
11.8261    790482
11.8266    790491
11.827    790500
11.8274    790509
11.8278    790518
11.8283    790527
11.8287    790536
11.8291    790545
11.8295    790554
11.83    790563
11.8304    790572
11.8308    790581
11.8312    790590
11.8317    790599
11.8321    790608
11.8325    790617
11.8329    790626
11.8334    790635
11.8338    790644
11.8343    790653
11.8364    790662
11.8381    790671
11.8402    790680
11.8419    790689
11.844    790698
11.8457    790707
11.8478    790716
11.8496    790725
11.8517    790734
11.8534    790743
11.8555    790752
11.8572    790761
11.8593    791769
11.861    792777
11.8649    792786
11.8687    792795
11.8725    792804
11.8763    792813
11.8801    792822
11.884    792831
11.8878    792840
12.988    792849
12.9885    792858
12.9889    792867
12.9893    792876
12.9897    792885
12.9902    792894
12.9906    792903
12.991    792912
12.9914    792921
12.9919    792930
12.9923    792939
12.9927    792948
12.9931    792957
12.9936    792966
12.994    792975
12.9944    792984
12.9948    792993
12.9953    793002
12.9957    793011
12.9961    793020
12.9965    793029
12.997    793038
12.9974    793047
12.9978    793056
12.9982    793065
12.9987    793074
12.9991    793083
12.9995    793092
12.9999    793101
13.0004    793110
13.0008    793119
13.0012    793128
13.0016    793137
13.0021    793146
13.0025    793155
13.0029    793164
13.0033    793173
13.0038    793182
13.0042    793191
13.0046    793200
13.005    793209
13.0054    793218
13.0059    793227
13.0063    793236
13.0067    793245
13.0071    793254
13.0076    793263
13.008    793272
13.0084    793281
13.0088    793290
13.0093    793299
13.0097    793308
13.0101    793317
13.0105    793326
13.011    793335
13.0114    793344
13.0118    793353
13.0122    793362
13.0127    793371
13.0131    793380
13.0135    793389
13.0139    793398
13.0144    793407
13.0148    793416
13.0152    793425
13.0169    793434
13.019    793443
13.0207    793452
13.0228    793461
13.0246    793470
13.0267    793479
13.0284    793488
13.0305    793497
13.0322    793506
13.0343    793515
13.036    793524
13.0381    793533
13.0399    793542
13.042    793551
13.0445    793560
13.0484    793569
13.0522    793578
13.056    793587
13.0598    793596
13.0636    793605
13.0675    793614
14.1689    793623
14.1694    793632
14.1698    793641
14.1702    793650
14.1706    793659
14.1711    793668
14.1715    793677
14.1719    793686
14.1723    793695
14.1728    793704
14.1732    793713
14.1736    793722
14.174    793731
14.1745    793740
14.1749    793749
14.1753    793758
14.1757    793767
14.1762    793776
14.1766    793785
14.177    793794
14.1774    793803
14.1779    793812
14.1783    793821
14.1787    793830
14.1791    793839
14.1796    793848
14.18    793857
14.1804    793866
14.1808    793875
14.1813    793884
14.1817    793893
14.1821    793902
14.1825    793911
14.183    793920
14.1834    793929
14.1838    793938
14.1842    793947
14.1847    793956
14.1851    793965
14.1855    793974
14.1859    793983
14.1864    793992
14.1868    794001
14.1872    794010
14.1876    794019
14.1881    794028
14.1885    794037
14.1889    794046
14.1893    794055
14.1898    794064
14.1902    794073
14.1906    794082
14.191    794091
14.1914    794100
14.1919    794109
14.1923    794118
14.1927    794127
14.1931    794136
14.1936    794145
14.194    794154
14.1944    794163
14.1948    794172
14.1953    794181
14.1957    794190
14.1961    794199
14.1966    794208
14.1987    794217
14.2004    794226
14.2025    794235
14.2042    794244
14.2064    794253
14.2081    794262
14.2102    794271
14.2119    794280
14.214    794289
14.2157    794298
14.2178    794307
14.2195    794316
14.2216    794325
14.2234    794334
14.2268    794343
14.2306    794352
14.2344    794361
14.2382    794370
14.2421    794379
14.2459    794388
14.2497    794397
15.3499    794406
15.3503    794415
15.3508    794424
15.3512    794433
15.3516    794442
15.352    794451
15.3525    794460
15.3529    794469
15.3533    794478
15.3537    794487
15.3542    794496
15.3546    794505
15.355    794514
15.3554    794523
15.3559    794532
15.3563    794541
15.3567    794550
15.3571    794559
15.3576    794568
15.358    794577
15.3584    794586
15.3588    794595
15.3593    794604
15.3597    794613
15.3601    794622
15.3605    794631
15.361    794640
15.3614    794649
15.3618    794658
15.3622    794667
15.3627    794676
15.3631    794685
15.3635    794694
15.3639    794703
15.3644    794712
15.3648    794721
15.3652    794730
15.3656    794739
15.3661    794748
15.3665    794757
15.3669    794766
15.3673    794775
15.3678    794784
15.3682    794793
15.3686    794802
15.369    794811
15.3695    794820
15.3699    794829
15.3703    794838
15.3707    794847
15.3712    794856
15.3716    794865
15.372    794874
15.3724    794883
15.3729    794892
15.3733    794901
15.3737    794910
15.3741    794919
15.3746    794928
15.375    794937
15.3754    794946
15.3758    794955
15.3763    794964
15.3767    794973
15.3771    794982
15.3784    794991
15.3801    795000
15.3822    795009
15.3839    795018
15.386    795027
15.3878    795036
15.3899    795045
15.3916    795054
15.3937    795063
15.3954    795072
15.3975    795081
15.3992    795090
15.4013    795099
15.4031    795108
15.4052    795117
15.409    795126
15.4128    795135
15.4167    795144
15.4205    795153
15.4243    795162
15.4281    795171
15.4319    795180
16.5309    795189
16.5313    795198
16.5317    795207
16.5322    795216
16.5326    795225
16.533    795234
16.5334    795243
16.5339    795252
16.5343    795261
16.5347    795270
16.5352    795279
16.5356    795288
16.536    795297
16.5364    795306
16.5369    795315
16.5373    795324
16.5377    795333
16.5381    795342
16.5386    795351
16.539    795360
16.5394    795369
16.5398    795378
16.5403    795387
16.5407    795396
16.5411    795405
16.5415    795414
16.542    795423
16.5424    795432
16.5428    795441
16.5432    795450
16.5437    795459
16.5441    795468
16.5445    795477
16.5449    795486
16.5454    795495
16.5458    795504
16.5462    795513
16.5466    795522
16.5471    795531
16.5475    795540
16.5479    795549
16.5483    795558
16.5488    795567
16.5492    795576
16.5496    795585
16.55    795594
16.5505    795603
16.5509    795612
16.5513    795621
16.5517    795630
16.5522    795639
16.5526    795648
16.553    795657
16.5534    795666
16.5539    795675
16.5543    795684
16.5547    795693
16.5551    795702
16.5555    795711
16.556    795720
16.5564    795729
16.5568    795738
16.5572    795747
16.5577    795756
16.5581    795765
16.5598    795774
16.5619    795783
16.5636    795792
16.5657    795801
16.5674    795810
16.5695    795819
16.5713    795828
16.5734    795837
16.5751    795846
16.5772    795855
16.5789    795864
16.581    795873
16.5827    795882
16.5848    795891
16.5874    795900
16.5912    795909
16.5951    795918
16.5989    795927
16.6027    795936
16.6065    795945
16.6103    795954
17.7118    795963
17.7122    795972
17.7126    795981
17.7131    795990
17.7135    795999
17.7139    796008
17.7143    796017
17.7148    796026
17.7152    796035
17.7156    796044
17.716    796053
17.7165    796062
17.7169    796071
17.7173    796080
17.7177    796089
17.7182    796098
17.7186    796107
17.719    796116
17.7194    796125
17.7199    796134
17.7203    796143
17.7207    796152
17.7211    796161
17.7216    796170
17.722    796179
17.7224    796188
17.7228    796197
17.7233    796206
17.7237    796215
17.7241    796224
17.7245    796233
17.725    796242
17.7254    796251
17.7258    796260
17.7262    796269
17.7267    796278
17.7271    796287
17.7275    796296
17.7279    796305
17.7284    796314
17.7288    796323
17.7292    796332
17.7296    796341
17.7301    796350
17.7305    796359
17.7309    796368
17.7313    796377
17.7318    796386
17.7322    796395
17.7326    796404
17.733    796413
17.7335    796422
17.7339    796431
17.7343    796440
17.7347    796449
17.7352    796458
17.7356    796467
17.736    796476
17.7364    796485
17.7369    796494
17.7373    796503
17.7377    796512
17.7381    796521
17.7386    796530
17.739    796539
17.7395    796548
17.7416    796557
17.7433    796566
17.7454    796575
17.7471    796584
17.7492    796593
17.7509    796602
17.753    796611
17.7548    796620
17.7569    796629
17.7586    796638
17.7607    796647
17.7624    796656
17.7645    796665
17.7662    796674
17.7696    796683
17.7735    796692
17.7773    796701
17.7811    796710
17.7849    796719
17.7888    796728
17.7926    796737
18.8928    796746
18.8932    796755
18.8936    796764
18.8941    796773
18.8945    796782
18.8949    796791
18.8953    796800
18.8958    796809
18.8962    796818
18.8966    796827
18.897    796836
18.8975    796845
18.8979    796854
18.8983    796863
18.8987    796872
18.8992    796881
18.8996    796890
18.9    796899
18.9004    796908
18.9009    796917
18.9013    796926
18.9017    796935
18.9021    796944
18.9026    796953
18.903    796962
18.9034    796971
18.9038    796980
18.9043    796989
18.9047    796998
18.9051    797007
18.9055    797016
18.906    797025
18.9064    797034
18.9068    797043
18.9072    797052
18.9077    797061
18.9081    797070
18.9085    797079
18.9089    797088
18.9094    797097
18.9098    797106
18.9102    797115
18.9106    797124
18.9111    797133
18.9115    797142
18.9119    797151
18.9123    797160
18.9128    797169
18.9132    797178
18.9136    797187
18.914    797196
18.9144    797205
18.9149    797214
18.9153    797223
18.9157    797232
18.9161    797241
18.9166    797250
18.917    797259
18.9174    797268
18.9178    797277
18.9183    797286
18.9187    797295
18.9191    797304
18.9195    797313
18.92    797322
18.9212    797331
18.923    797340
18.9251    797349
18.9268    797358
18.9289    797367
18.9306    797376
18.9327    797385
18.9344    797394
18.9365    797403
18.9383    797412
18.9404    797421
18.9421    797430
18.9442    797439
18.9459    797448
18.948    797457
18.9519    797466
18.9557    797475
18.9595    797484
18.9633    797493
18.9672    797502
18.971    797511
18.9748    797520
20.0738    797529
20.0742    797538
20.0746    797547
20.075    797556
20.0755    797565
20.0759    797574
20.0763    797583
20.0767    797592
20.0772    797601
20.0776    797610
20.078    797619
20.0784    797628
20.0789    797637
20.0793    797646
20.0797    797655
20.0801    797664
20.0806    797673
20.081    797682
20.0814    797691
20.0818    797700
20.0823    797709
20.0827    797718
20.0831    797727
20.0835    797736
20.084    797745
20.0844    797754
20.0848    797763
20.0852    797772
20.0857    797781
20.0861    797790
20.0865    797799
20.0869    797808
20.0874    797817
20.0878    797826
20.0882    797835
20.0886    797844
20.0891    797853
20.0895    797862
20.0899    797871
20.0903    797880
20.0908    797889
20.0912    797898
20.0916    797907
20.092    797916
20.0925    797925
20.0929    797934
20.0933    797943
20.0937    797952
20.0942    797961
20.0946    797970
20.095    797979
20.0954    797988
20.0959    797997
20.0963    798006
20.0967    798015
20.0971    798024
20.0976    798033
20.098    798042
20.0984    798051
20.0988    798060
20.0993    798069
20.0997    798078
20.1001    798087
20.1005    798096
20.101    798105
20.1027    798114
20.1047    798123
20.1065    798132
20.1086    798141
20.1103    798150
20.1124    798159
20.1141    798168
20.1162    798177
20.118    798186
20.12    798195
20.1218    798204
20.1239    798213
20.1256    798222
20.1277    798231
20.1303    798240
20.1341    798249
20.1379    798258
20.1417    798267
20.1456    798276
20.1494    798285
20.1532    798294
21.2547    798303
21.2551    798312
21.2555    798321
21.2559    798330
21.2564    798339
21.2568    798348
21.2572    798357
21.2576    798366
21.2581    798375
21.2585    798384
21.2589    798393
21.2593    798402
21.2598    798411
21.2602    798420
21.2606    798429
21.261    798438
21.2615    798447
21.2619    798456
21.2623    798465
21.2627    798474
21.2632    798483
21.2636    798492
21.264    798501
21.2644    798510
21.2649    798519
21.2653    798528
21.2657    798537
21.2661    798546
21.2666    798555
21.267    798564
21.2674    798573
21.2678    798582
21.2683    798591
21.2687    798600
21.2691    798609
21.2695    798618
21.27    798627
21.2704    798636
21.2708    798645
21.2712    798654
21.2717    798663
21.2721    798672
21.2725    798681
21.2729    798690
21.2733    798699
21.2738    798708
21.2742    798717
21.2746    798726
21.275    798735
21.2755    798744
21.2759    798753
21.2763    798762
21.2767    798771
21.2772    798780
21.2776    798789
21.278    798798
21.2784    798807
21.2789    798816
21.2793    798825
21.2797    798834
21.2801    798843
21.2806    798852
21.281    798861
21.2814    798870
21.2818    798879
21.2823    798888
21.2844    798897
21.2862    798906
21.2883    798915
21.29    798924
21.2921    798933
21.2938    798942
21.2959    798951
21.2976    798960
21.2997    798969
21.3015    798978
21.3035    798987
21.3053    798996
21.3074    799005
21.3091    799014
21.3125    799023
21.3163    799032
21.3201    799041
21.324    799050
21.3278    799059
21.3316    799068
21.3354    799077
22.4356    799086
22.4361    799095
22.4365    799104
22.4369    799113
22.4373    799122
22.4378    799131
22.4382    799140
22.4386    799149
22.439    799158
22.4395    799167
22.4399    799176
22.4403    799185
22.4407    799194
22.4412    799203
22.4416    799212
22.442    799221
22.4424    799230
22.4429    799239
22.4433    799248
22.4437    799257
22.4441    799266
22.4446    799275
22.445    799284
22.4454    799293
22.4458    799302
22.4463    799311
22.4467    799320
22.4471    799329
22.4475    799338
22.448    799347
22.4484    799356
22.4488    799365
22.4492    799374
22.4497    799383
22.4501    799392
22.4505    799401
22.4509    799410
22.4514    799419
22.4518    799428
22.4522    799437
22.4526    799446
22.4531    799455
22.4535    799464
22.4539    799473
22.4543    799482
22.4548    799491
22.4552    799500
22.4556    799509
22.456    799518
22.4565    799527
22.4569    799536
22.4573    799545
22.4577    799554
22.4582    799563
22.4586    799572
22.459    799581
22.4594    799590
22.4599    799599
22.4603    799608
22.4607    799617
22.4611    799626
22.4616    799635
22.462    799644
22.4624    799653
22.4628    799662
22.4641    799671
22.4658    799680
22.4679    799689
22.4697    799698
22.4718    799707
22.4735    799716
22.4756    799725
22.4773    799734
22.4794    799743
22.4811    799752
22.4832    799761
22.485    799770
22.487    799779
22.4888    799788
22.4909    799797
22.4947    799806
22.4986    799815
22.5024    799824
22.5062    799833
22.51    799842
22.5138    799851
22.5177    799860
23.6166    799869
23.617    799878
23.6175    799887
23.6179    799896
23.6183    799905
23.6187    799914
23.6192    799923
23.6196    799932
23.62    799941
23.6205    799950
23.6209    799959
23.6213    799968
23.6217    799977
23.6222    799986
23.6226    799995
23.623    800004
23.6234    800013
23.6239    800022
23.6243    800031
23.6247    800040
23.6251    800049
23.6256    800058
23.626    800067
23.6264    800076
23.6268    800085
23.6273    800094
23.6277    800103
23.6281    800112
23.6285    800121
23.629    800130
23.6294    800139
23.6298    800148
23.6302    800157
23.6307    800166
23.6311    800175
23.6315    800184
23.6319    800193
23.6324    800202
23.6328    800211
23.6332    800220
23.6336    800229
23.6341    800238
23.6345    800247
23.6349    800256
23.6353    800265
23.6358    800274
23.6362    800283
23.6366    800292
23.637    800301
23.6374    800310
23.6379    800319
23.6383    800328
23.6387    800337
23.6391    800346
23.6396    800355
23.64    800364
23.6404    800373
23.6408    800382
23.6413    800391
23.6417    800400
23.6421    800409
23.6425    800418
23.643    800427
23.6434    800436
23.6438    800445
23.6455    800454
23.6476    800463
23.6493    800472
23.6514    800481
23.6532    800490
23.6553    800499
23.657    800508
23.6591    800517
23.6608    800526
23.6629    800535
23.6646    800544
23.6667    800553
23.6685    800562
23.6705    800571
23.6731    800580
23.677    800589
23.6808    800598
23.6846    800607
23.6884    800616
23.6922    800625
23.6961    800634
24.7975    800643
24.7979    800652
24.7984    800661
24.7988    800670
24.7992    800679
24.7996    800688
24.8001    800697
24.8005    800706
24.8009    800715
24.8013    800724
24.8018    800733
24.8022    800742
24.8026    800751
24.803    800760
24.8035    800769
24.8039    800778
24.8043    800787
24.8047    800796
24.8052    800805
24.8056    800814
24.806    800823
24.8064    800832
24.8069    800841
24.8073    800850
24.8077    800859
24.8081    800868
24.8086    800877
24.809    800886
24.8094    800895
24.8098    800904
24.8103    800913
24.8107    800922
24.8111    800931
24.8115    800940
24.812    800949
24.8124    800958
24.8128    800967
24.8132    800976
24.8137    800985
24.8141    800994
24.8145    801003
24.8149    801012
24.8154    801021
24.8158    801030
24.8162    801039
24.8166    801048
24.8171    801057
24.8175    801066
24.8179    801075
24.8183    801084
24.8188    801093
24.8192    801102
24.8196    801111
24.82    801120
24.8205    801129
24.8209    801138
24.8213    801147
24.8217    801156
24.8222    801165
24.8226    801174
24.823    801183
24.8234    801192
24.8239    801201
24.8243    801210
24.8247    801219
24.8252    801228
24.8273    801237
24.829    801246
24.8311    801255
24.8328    801264
24.8354    801273
24.8375    767029
24.8401    767038
24.8426    767047
24.8452    767056
24.8477    767065
24.8503    767074
24.8541    767083
24.8579    767092
24.8617    767101
24.8656    767110
24.8694    767119
24.8732    767128
24.877    767137
25.9785    767146
25.9789    767155
25.9793    767164
25.9797    767173
25.9802    767182
25.9806    767191
25.981    767200
25.9814    767209
25.9819    767218
25.9823    767227
25.9827    767236
25.9832    767245
25.9836    767254
25.984    767263
25.9845    767272
25.9849    767281
25.9853    767290
25.9858    767299
25.9862    767308
25.9866    767317
25.9874    767326
25.9878    767335
25.9882    767344
25.9887    767353
25.9891    767362
25.9895    767371
25.99    767380
25.9904    767389
25.9908    767398
25.9913    767407
25.9917    767416
25.9921    767425
25.9925    767434
25.993    767443
25.9934    767452
25.9939    767461
25.9943    767470
25.995    767479
25.9954    767488
25.9959    767497
25.9963    767506
25.9967    767515
25.9972    767524
25.9976    767533
25.998    767542
25.9985    767551
25.9989    767560
25.9993    767569
25.9998    767578
26.0002    767587
26.0006    767596
26.0011    767605
26.0015    767614
26.0019    767623
26.0027    767632
26.0031    767641
26.0035    767650
26.004    767659
26.0044    767668
26.0048    767677
26.0053    767686
26.0057    767695
26.007    767704
26.0096    767713
26.0121    767722
26.0146    736231
26.0172    736240
26.0197    737248
26.0223    737257
26.0248    737266
26.0274    737275
26.0299    737284
26.0329    737293
26.0367    737302
26.0406    737311
26.0444    737320
26.0482    737329
26.052    737338
26.0559    737347
26.0597    737356
27.1595    737365
27.1599    737374
27.1603    737383
27.1607    737392
27.1612    737401
27.1616    737410
27.162    737419
27.1625    737428
27.1629    737437
27.1633    737446
27.1638    737455
27.1642    737464
27.1649    737473
27.1653    737482
27.1658    737491
27.1662    737500
27.1666    737509
27.1671    737518
27.1675    737527
27.1679    737536
27.1684    737545
27.1688    737554
27.1692    737563
27.1697    737572
27.1701    737581
27.1705    737590
27.171    737599
27.1714    737608
27.1718    737617
27.1726    737626
27.173    737635
27.1734    737644
27.1739    737653
27.1743    737662
27.1748    737671
27.1752    703303
27.1757    703312
27.1764    703321
27.1769    703330
27.1773    703339
27.1777    703348
27.1782    703357
27.1789    703366
27.1794    703375
27.1799    703384
27.1803    703393
27.1808    703402
27.1815    703411
27.182    703420
27.1824    703429
27.1828    703438
27.1833    703447
27.184    703456
27.1845    703465
27.185    703474
27.1854    703483
27.1859    703492
27.1866    703501
27.1875    703510
27.1901    703519
27.1926    703528
27.1952    703537
27.1977    703546
27.1998    705553
27.2024    705562
27.2049    705571
27.2075    705580
27.21    705589
27.2126    705598
27.2164    705607
27.2202    705616
27.2241    705625
27.2279    705634
27.2317    705643
27.2355    705652
27.2394    705661
28.3404    705670
28.3408    705679
28.3413    705688
28.3417    705697
28.3421    705706
28.3426    705715
28.3434    705724
28.3438    705733
28.3442    705742
28.3447    705751
28.3451    705760
28.3459    705769
28.3463    705778
28.3468    705787
28.3472    705796
28.3477    705805
28.3485    705814
28.3489    705823
28.3493    705832
28.3498    705841
28.3502    705850
28.351    705859
28.3514    705868
28.3519    705877
28.3523    705886
28.3528    705895
28.3536    674404
28.354    674413
28.3544    674422
28.3549    674431
28.3553    674440
28.3561    674449
28.3565    675457
28.357    675466
28.3574    675475
28.3579    675484
28.3586    675493
28.3591    675502
28.3595    675511
28.36    675520
28.3604    675529
28.3612    675538
28.3616    675547
28.3621    675556
28.3625    675565
28.363    675574
28.3637    675583
28.3642    675592
28.3646    675601
28.3651    675610
28.3655    675619
28.3663    675628
28.3667    675637
28.3672    675646
28.3676    675655
28.3697    675664
28.3723    675673
28.3748    675682
28.3774    675691
28.3795    676699
28.3816    678706
28.3838    679714
28.3863    679723
28.3889    679732
28.3914    679741
28.3944    679750
28.3982    679759
28.402    679768
28.4059    679777
28.4097    679786
28.4135    679795
28.4173    679804
28.4212    679813
29.5214    679822
29.5218    679831
29.5222    679840
29.5227    679849
29.5234    679858
29.5239    679867
29.5243    679876
29.5248    679885
29.5252    679894
29.526    679903
29.5264    679912
29.5269    679921
29.5273    679930
29.5278    679939
29.5285    679948
29.529    679957
29.5294    679966
29.5299    679975
29.5303    679984
29.5311    679993
29.5315    680002
29.532    680011
29.5324    680020
29.5329    680029
29.5336    680038
29.5341    680047
29.5345    680056
29.535    680065
29.5354    680074
29.5362    680083
29.5366    680092
29.5371    681100
29.5375    682108
29.5379    682117
29.5384    682126
29.5388    682135
29.5396    682144
29.54    682153
29.5405    682162
29.5409    682171
29.5414    682180
29.5422    682189
29.5426    682198
29.543    682207
29.5435    682216
29.5439    682225
29.5447    682234
29.5451    682243
29.5456    682252
29.546    682261
29.5465    682270
29.5472    682279
29.5477    682288
29.5481    682297
29.5486    682306
29.5507    682315
29.5533    682324
29.5558    682333
29.5584    682342
29.5609    683350
29.5626    686356
29.5647    689362
29.5664    690370
29.569    690379
29.5715    690388
29.5741    690397
29.5779    690406
29.5817    690415
29.5855    690424
29.5894    690433
29.5932    690442
29.597    690451
29.6008    690460
30.7023    690469
30.7027    690478
30.7032    690487
30.7036    690496
30.704    690505
30.7045    690514
30.7052    690523
30.7057    690532
30.7061    690541
30.7066    690550
30.707    690559
30.7078    690568
30.7082    690577
30.7087    690586
30.7091    690595
30.7096    690604
30.7103    690613
30.7108    690622
30.7112    690631
30.7117    690640
30.7121    690649
30.7129    690658
30.7133    690667
30.7138    690676
30.7142    690685
30.7147    690694
30.7154    690703
30.7159    690712
30.7163    690721
30.7168    690730
30.7172    690739
30.718    687748
30.7184    688756
30.7189    688765
30.7193    688774
30.7197    688783
30.7202    688792
30.7206    688801
30.7211    688810
30.7218    688819
30.7223    688828
30.7227    688837
30.7232    688846
30.7236    688855
30.7243    688864
30.7248    688873
30.7253    688882
30.7257    688891
30.7262    688900
30.7269    688909
30.7274    688918
30.7278    688927
30.7283    688936
30.7287    688945
30.7294    688954
30.7304    688963
30.7329    688972
30.7355    688981
30.738    688990
30.7406    688999
30.7427    691006
30.7444    695011
30.7465    698017
30.7482    701023
30.7503    703030
30.7521    705037
30.7541    705046
30.7572    705055
30.761    705064
30.7648    705073
30.7686    705082
30.7724    705091
30.7763    705100
30.7801    705109
30.7839    705118
31.8833    705127
31.8837    705136
31.8845    705145
31.8849    705154
31.8854    705163
31.8858    705172
31.8863    705181
31.8867    705190
31.8875    705199
31.8879    705208
31.8884    705217
31.8888    705226
31.8893    705235
31.89    705244
31.8905    705253
31.8909    705262
31.8914    705271
31.8918    705280
31.8926    705289
31.893    705298
31.8935    705307
31.8939    705316
31.8944    705325
31.8951    705334
31.8956    705343
31.896    705352
31.8965    705361
31.8969    705370
31.8977    705379
31.8981    705388
31.8986    705397
31.899    705406
31.8995    705411
31.8999    705420
31.9007    705429
31.9011    705438
31.9015    705447
31.902    705456
31.9024    705465
31.9032    705474
31.9036    705483
31.9041    705492
31.9045    705501
31.905    705510
31.9057    705519
31.9062    705528
31.9066    705537
31.9071    705546
31.9075    705555
31.9083    705564
31.9087    705573
31.9092    705582
31.9096    705591
31.9101    705600
31.9109    705609
31.9134    705618
31.916    705627
31.9185    705636
31.9211    705645
31.9232    706653
31.9249    706662
31.927    706671
31.9288    706680
31.9309    706689
31.9326    706698
31.9347    706707
31.9364    706716
31.9385    706725
31.9402    706734
31.9423    706743
31.9458    706752
31.9496    706761
31.9534    706770
31.9572    706779
31.961    706788
31.9649    706797
33.0642    706806
33.0647    706815
33.0654    706824
33.0659    706833
33.0663    706842
33.0668    706851
33.0672    706860
33.0677    706869
33.0684    706878
33.0689    706887
33.0693    706896
33.0698    706905
33.0702    706914
33.071    706923
33.0714    706932
33.0719    706941
33.0723    706950
33.0728    706959
33.0735    706968
33.074    706977
33.0744    706986
33.0749    706995
33.0753    707004
33.0761    707013
33.0765    707022
33.077    707031
33.0774    707040
33.0779    707049
33.0786    707058
33.0791    707067
33.0795    707076
33.08    707085
33.0804    707094
33.0809    707103
33.0816    707112
33.082    707121
33.0825    707130
33.0829    707139
33.0833    707148
33.0838    707157
33.0842    707166
33.085    707175
33.0854    707184
33.0859    707193
33.0864    707202
33.0868    707211
33.0875    707220
33.088    707229
33.0884    707238
33.0889    707247
33.0893    707256
33.0901    707265
33.0905    707274
33.091    707283
33.0915    707292
33.0935    707301
33.0961    707310
33.0987    707319
33.1025    672619
33.105    672628
33.108    672637
33.1105    672646
33.1131    672655
33.1156    672664
33.1178    672673
33.1199    672682
33.1216    672691
33.1237    672700
33.1271    672709
33.131    672718
33.1348    672727
33.1386    672736
33.1424    672745
33.1463    672754
34.2455    672763
34.246    672772
34.2465    672781
34.2469    672790
34.2473    672799
34.2481    672808
34.2486    672817
34.249    672826
34.2498    672835
34.2502    672844
34.2507    672853
34.2512    672862
34.2519    672871
34.2524    672880
34.2528    672889
34.2533    672898
34.2541    672907
34.2545    672916
34.255    672925
34.2558    672934
34.2562    672943
34.2567    672952
34.2574    672961
34.2579    672970
34.2584    672979
34.2588    672988
34.2596    672997
34.2601    673006
34.2605    673015
34.261    673024
34.2617    673033
34.2622    673042
34.2627    673051
34.2634    673060
34.2638    673069
34.2643    673078
34.2648    673087
34.2652    673096
34.266    673105
34.2664    673114
34.2669    673123
34.2677    673132
34.2681    673141
34.2686    673150
34.2693    673159
34.2698    673168
34.2702    673177
34.2707    673186
34.2715    673195
34.2719    673204
34.2724    673213
34.2762    673222
34.2796    641731
34.2835    642739
34.286    642748
34.2889    642757
34.2915    642766
34.294    642775
34.2966    642784
34.2987    642793
34.3008    642802
34.3026    642811
34.3047    642820
34.3081    642829
34.3119    642838
34.3157    642847
34.3196    642856
34.3234    642865
34.3272    642874
35.4265    642883
35.427    642892
35.4274    642901
35.4278    642910
35.4283    642919
35.4291    642928
35.4295    642937
35.43    642946
35.4307    642955
35.4312    642964
35.4317    642973
35.4321    642982
35.4329    642991
35.4334    643000
35.4338    643009
35.4343    643018
35.435    643027
35.4355    643036
35.4359    643045
35.4367    643054
35.4372    643063
35.4376    643072
35.4384    643081
35.4388    643090
35.4393    643099
35.4398    643108
35.4405    643117
35.441    643126
35.4414    643135
35.4419    643144
35.4427    643153
35.4431    643162
35.4436    643171
35.4443    643180
35.4448    643189
35.4453    643198
35.4457    643207
35.4462    643216
35.4469    643225
35.4474    643234
35.4479    643243
35.4486    643252
35.4491    643261
35.4495    643270
35.4503    643279
35.4507    643288
35.4512    643297
35.4517    643306
35.4524    643315
35.4529    643324
35.4534    643333
35.4571    643342
35.4614    643351
35.4644    645358
35.467    645367
35.4699    645376
35.4724    645385
35.475    645394
35.4775    645403
35.4797    645412
35.4818    645421
35.4835    645430
35.4856    645439
35.489    645448
35.4929    645457
35.4967    645466
35.5005    645475
35.5043    645484
35.5082    645493
36.6074    645502
36.6079    645511
36.6084    645520
36.6088    645529
36.6092    645538
36.61    645547
36.6105    645556
36.6109    645565
36.6117    645574
36.6122    645583
36.6126    645592
36.6131    645601
36.6138    645610
36.6143    645619
36.6148    645628
36.6152    645637
36.616    645646
36.6164    645655
36.6169    645664
36.6177    645673
36.6181    645682
36.6186    645691
36.6193    645700
36.6198    645709
36.6203    645718
36.6207    645727
36.6215    645736
36.622    645745
36.6224    645754
36.6229    645763
36.6236    645772
36.6241    645781
36.6246    645790
36.6253    645799
36.6257    645808
36.6262    645817
36.6267    645826
36.6271    645835
36.6279    645844
36.6283    645853
36.6288    645862
36.6296    645871
36.63    645880
36.6305    645889
36.6312    645898
36.6317    645907
36.6322    645916
36.6326    645925
36.6334    645934
36.6339    645943
36.6343    645952
36.6381    645961
36.6424    645970
36.6449    648976
36.6471    649984
36.6496    649993
36.6525    650002
36.6551    650011
36.6576    650020
36.6602    650029
36.6619    650038
36.664    650047
36.6657    650056
36.6687    650065
36.6725    650074
36.6764    650083
36.6802    650092
36.684    650101
36.6878    650110
37.788    650119
37.7885    650128
37.7893    650137
37.7897    650146
37.7902    650155
37.7906    650164
37.7911    650173
37.7919    650182
37.7923    650191
37.7928    650200
37.7935    650209
37.794    650218
37.7944    650227
37.7952    650236
37.7957    650245
37.7961    650254
37.7966    650263
37.7973    650272
37.7978    650281
37.7983    650290
37.7987    650299
37.7995    650308
37.7999    650317
37.8004    650326
37.8012    650335
37.8016    650344
37.8021    650353
37.8028    650362
37.8033    650371
37.8038    650380
37.8042    650389
37.805    650398
37.8055    650407
37.8059    650416
37.8064    650425
37.8071    650434
37.8076    650443
37.808    650452
37.8085    650461
37.8092    650470
37.8097    650479
37.8102    650488
37.8106    650497
37.8114    650506
37.8118    650515
37.8123    650524
37.8131    650533
37.8135    650542
37.814    650551
37.8147    650560
37.8152    650569
37.8174    650578
37.8216    650587
37.825    651595
37.8272    655600
37.8293    658606
37.8314    658615
37.8339    658624
37.8365    658633
37.8391    658642
37.8416    658651
37.8433    658660
37.8454    658669
37.8471    658678
37.8505    658687
37.8543    658696
37.8582    658705
37.862    658714
37.8658    658723
37.8696    658732
38.969    658741
38.9698    658750
38.9703    658759
38.9707    658768
38.9711    658777
38.9719    658786
38.9724    658795
38.9728    658804
38.9733    658813
38.974    658822
38.9745    658831
38.975    658840
38.9754    658849
38.9762    658858
38.9766    658867
38.9771    658876
38.9779    658885
38.9783    658894
38.9788    658903
38.9796    658912
38.98    658921
38.9805    658930
38.9809    658939
38.9817    658948
38.9822    658957
38.9826    658966
38.9831    658975
38.9839    658984
38.9843    658993
38.9848    659002
38.9855    659011
38.986    659020
38.9865    659029
38.9869    659038
38.9876    659047
38.9881    659056
38.9885    659065
38.989    659074
38.9898    659083
38.9902    659092
38.9907    659101
38.9914    659110
38.9919    659119
38.9924    659128
38.9929    659137
38.9936    659146
38.9941    659155
38.9945    659164
38.995    659173
38.9957    659182
38.9962    659191
38.9992    659200
39.0034    659209
39.0064    661216
39.0085    665221
39.0106    669226
39.0124    671233
39.0145    674239
39.0162    675247
39.0183    675256
39.0209    675265
39.023    675274
39.0251    675283
39.0268    675292
39.0289    675301
39.0328    675310
39.0366    675319
39.0404    675328
39.0442    675337
39.048    675346
40.1499    675355
40.1504    675364
40.1508    675373
40.1512    675382
40.1517    675391
40.1524    675400
40.1529    675409
40.1534    675418
40.1538    675427
40.1546    675436
40.1551    675445
40.1555    675454
40.1563    675463
40.1567    675472
40.1572    675481
40.158    675490
40.1584    675499
40.1589    675508
40.1594    675517
40.1601    675526
40.1606    675535
40.161    675544
40.1615    675553
40.1623    675562
40.1627    675571
40.1632    675580
40.1639    675589
40.1644    675598
40.1648    675607
40.1656    675616
40.1661    675625
40.1665    675634
40.167    675643
40.1677    675652
40.1682    675661
40.1686    675670
40.1691    675679
40.1699    675688
40.1703    675697
40.1708    675706
40.1713    675715
40.172    675724
40.1725    675733
40.1729    675742
40.1734    675751
40.1742    675760
40.1746    675769
40.1751    675778
40.1758    675787
40.1763    675796
40.1768    675805
40.1776    675814
40.1818    675823
40.1856    675832
40.1882    676840
40.1903    676849
40.192    676858
40.1941    676867
40.1959    676876
40.198    676885
40.1997    676894
40.2018    676903
40.2035    676912
40.2056    676921
40.2073    676930
40.2094    676939
40.2129    676948
40.2167    676957
40.2205    676966
40.2243    676975
40.2282    676984
40.232    676993
40.2358    677002
41.3309    677011
41.3314    677020
41.3321    677029
41.3326    677038
41.333    677047
41.3335    677056
41.3342    677065
41.3347    677074
41.3352    677083
41.3356    677092
41.3364    677101
41.3369    677110
41.3373    677119
41.3381    677128
41.3385    677137
41.339    677146
41.3398    677155
41.3402    677164
41.3407    677173
41.3412    677182
41.3419    677191
41.3424    677200
41.3428    677209
41.3433    677218
41.3441    677227
41.3445    677236
41.345    677245
41.3457    677254
41.3462    677263
41.3466    677272
41.3474    677281
41.3479    677290
41.3483    677299
41.3488    677308
41.3492    677317
41.35    677326
41.3504    677335
41.3509    677344
41.3517    677353
41.3521    677362
41.3526    677371
41.3531    677380
41.3538    677389
41.3543    677398
41.3547    677407
41.3552    677416
41.356    677425
41.3564    677434
41.3569    677443
41.3576    677452
41.3581    677461
41.3611    677470
41.3645    677479
41.3679    677488
41.3704    677497
41.3721    677506
41.3742    677515
41.376    677524
41.3781    677533
41.3798    677542
41.3819    677551
41.3836    677560
41.3857    677569
41.3874    677578
41.3895    677587
41.3921    677596
41.3959    677605
41.3998    677614
41.4036    677623
41.4074    677632
41.4112    677641
41.4151    677650
42.5118    677659
42.5123    677668
42.5127    677677
42.5131    677686
42.5136    677695
42.5143    677704
42.5148    677713
42.5153    677722
42.5157    677731
42.5165    677740
42.517    677749
42.5174    677758
42.5182    677767
42.5186    677776
42.5191    677785
42.5199    677794
42.5203    677803
42.5208    677812
42.5213    677821
42.522    677830
42.5225    677839
42.5229    677848
42.5234    677857
42.5242    677866
42.5246    677875
42.5251    677884
42.5258    677893
42.5263    677902
42.5267    677911
42.5275    677920
42.528    677929
42.5284    677938
42.5289    677947
42.5296    677956
42.5301    677965
42.5305    677974
42.531    677983
42.5318    677992
42.5322    678001
42.5327    678010
42.5332    678019
42.5339    678028
42.5344    678037
42.5349    678046
42.5353    678055
42.5361    678064
42.5365    678073
42.537    678082
42.5377    678091
42.5382    678100
42.5387    678109
42.5395    678118
42.5437    678127
42.5475    678136
42.5501    678145
42.5522    678154
42.554    678163
42.556    678172
42.5578    678181
42.5599    678190
42.5616    678199
42.5637    678208
42.5654    678217
42.5675    678226
42.5692    678235
42.5713    678244
42.5748    678253
42.5786    678262
42.5824    678271
42.5862    678280
42.5901    678289
42.5939    678298
42.5977    678307
43.6928    678316
43.6933    678325
43.694    678334
43.6945    678343
43.6949    678352
43.6954    678361
43.6958    678370
43.6966    678379
43.6971    678388
43.6975    678397
43.6983    678406
43.6987    678415
43.6992    678424
43.7    678433
43.7004    678442
43.7009    678451
43.7014    678460
43.7021    678469
43.7026    678478
43.703    678487
43.7035    678496
43.7043    678505
43.7047    678514
43.7052    678523
43.706    678532
43.7064    678541
43.7069    678550
43.7076    678559
43.7081    678568
43.7085    678577
43.709    678586
43.7097    678595
43.7102    678604
43.7107    678613
43.7111    678622
43.7119    678631
43.7123    678640
43.7128    678649
43.7133    678658
43.714    678667
43.7145    678676
43.715    678685
43.7154    678694
43.7162    678703
43.7166    678712
43.7171    678721
43.7178    678730
43.7183    678739
43.7188    678748
43.7195    678757
43.72    678766
43.7222    678775
43.7264    678784
43.7298    678793
43.7319    678802
43.734    678811
43.7358    678820
43.7378    678829
43.7396    678838
43.7417    678847
43.7434    678856
43.7455    678865
43.7472    678874
43.7493    678883
43.751    678892
43.7536    678901
43.7574    678910
43.7612    678919
43.7651    678928
43.7689    678937
43.7727    678946
43.7765    678955
43.7804    678964
44.8742    678973
44.8746    678982
44.875    678991
44.8755    679000
44.8759    679009
44.8767    679018
44.8772    679027
44.8776    679036
44.8784    679045
44.8789    679054
44.8793    679063
44.8801    679072
44.8805    679081
44.881    679090
44.8815    679099
44.8822    679108
44.8827    679117
44.8831    679126
44.8836    679135
44.8844    679144
44.8848    679153
44.8853    679162
44.8861    679171
44.8865    679180
44.887    679189
44.8877    679198
44.8882    679207
44.8886    679216
44.8891    679225
44.8898    679234
44.8903    679243
44.8908    679252
44.8913    679261
44.892    679270
44.8924    679279
44.8929    679288
44.8934    679297
44.8941    679306
44.8946    679315
44.8951    679324
44.8955    679333
44.8963    679342
44.8967    679351
44.8972    679360
44.8979    679369
44.8984    679378
44.8989    679387
44.8996    679396
44.9001    679405
44.9005    679414
44.901    679423
44.9048    679432
44.9091    679441
44.9116    679450
44.9137    679459
44.9158    679468
44.9176    679477
44.9196    679486
44.9214    679495
44.9235    679504
44.9252    679513
44.9273    679522
44.929    679531
44.9311    679540
44.9329    679549
44.9362    679558
44.9401    679567
44.9439    679576
44.9477    679585
44.9515    679594
44.9554    679603
44.9592    679612
46.0547    679621
46.0551    679630
46.0556    679639
46.0564    679648
46.0568    679657
46.0573    679666
46.0577    679675
46.0585    679684
46.059    679693
46.0594    679702
46.0602    679711
46.0606    679720
46.0611    679729
46.0616    679738
46.0623    679747
46.0628    679756
46.0632    679765
46.0637    679774
46.0645    679783
46.0649    679792
46.0654    679801
46.0662    679810
46.0666    679819
46.0671    679828
46.0678    679837
46.0683    679846
46.0687    679855
46.0692    679864
46.0699    679873
46.0704    679882
46.0709    679891
46.0714    679900
46.0721    679909
46.0725    679918
46.073    679927
46.0735    679936
46.0742    679945
46.0747    679954
46.0752    679963
46.0756    679972
46.0764    679981
46.0768    679990
46.0773    679999
46.0781    680008
46.0785    680017
46.079    680026
46.0797    680035
46.0802    680044
46.0806    680053
46.0811    680062
46.0818    680071
46.084    680080
46.0875    680089
46.0913    680098
46.0938    680107
46.0955    680116
46.0976    680125
46.0994    680134
46.1015    680143
46.1032    680152
46.1053    680161
46.107    680170
46.1091    680179
46.1108    680188
46.1129    680197
46.1151    680206
46.1189    680215
46.1227    680224
46.1265    680233
46.1304    680242
46.1342    680251
46.138    680260
46.1418    680269
47.236    680278
47.2365    680287
47.237    680296
47.2374    680305
47.2378    680314
47.2386    680323
47.2391    680332
47.2395    680341
47.2403    680350
47.2407    680359
47.2412    680368
47.2417    680377
47.2424    680386
47.2429    680395
47.2433    680404
47.2438    680413
47.2446    680422
47.245    680431
47.2455    680440
47.2463    680449
47.2467    680458
47.2472    680467
47.2479    680476
47.2484    680485
47.2488    680494
47.2493    680503
47.2501    680512
47.2505    680521
47.251    680530
47.2514    680539
47.2522    680548
47.2527    680557
47.2531    680566
47.2539    680575
47.2543    680584
47.2548    680593
47.2553    680602
47.2557    680611
47.2565    680620
47.2569    680629
47.2574    680638
47.2582    680647
47.2586    680656
47.2591    680665
47.2598    680674
47.2603    680683
47.2607    680692
47.2612    680701
47.2619    680710
47.2624    680719
47.2629    680728
47.2667    680737
47.2709    680746
47.2735    680755
47.2756    680764
47.2773    680773
47.2794    680782
47.2812    680791
47.2833    680800
47.285    680809
47.2871    680818
47.2888    680827
47.2909    680836
47.2926    680845
47.2947    680854
47.2977    680863
47.3016    680872
47.3054    680881
47.3092    680890
47.313    680899
47.3168    680908
47.3207    680917
48.4166    680926
48.4171    680935
48.4175    680944
48.4179    680953
48.4187    680962
48.4192    680971
48.4196    680980
48.4204    680989
48.4208    680998
48.4213    681007
48.4218    681016
48.4225    681025
48.423    681034
48.4234    681043
48.4239    681052
48.4247    681061
48.4251    681070
48.4256    681079
48.4264    681088
48.4268    681097
48.4273    681106
48.428    681115
48.4285    681124
48.429    681133
48.4294    681142
48.4302    681151
48.4306    681160
48.4311    681169
48.4315    681178
48.4323    681187
48.4328    681196
48.4332    681205
48.434    681214
48.4344    680193
48.4349    681201
48.4354    681210
48.4358    681219
48.4366    681228
48.437    681237
48.4375    681246
48.4383    681255
48.4387    681264
48.4392    681273
48.4399    681282
48.4404    681291
48.4408    681300
48.4413    681309
48.4421    681318
48.4425    681327
48.443    681336
48.4435    681345
48.4451    681354
48.4493    681363
48.4528    681372
48.4553    681381
48.4574    681390
48.4591    681399
48.4612    681408
48.463    681417
48.4651    681426
48.4668    681435
48.4689    681444
48.4706    681453
48.4727    681462
48.4744    681471
48.4766    681480
48.4804    681489
48.4842    681498
48.488    681507
48.4919    681516
48.4957    681525
48.4995    681534
48.5033    681543
49.5976    681552
49.5984    681561
49.5988    681570
49.5993    681579
49.5997    681588
49.6005    681597
49.6009    681606
49.6014    681615
49.6019    681624
49.6026    681633
49.6031    681642
49.6035    681651
49.604    681660
49.6048    681669
49.6052    681678
49.6057    681687
49.6065    681696
49.6069    681705
49.6074    681714
49.6081    681723
49.6086    681732
49.6091    681741
49.6095    681750
49.6103    681759
49.6108    681768
49.6112    681777
49.6117    681786
49.6124    681795
49.6129    681804
49.6133    681813
49.6141    681822
49.6146    681831
49.615    681840
49.6158    681849
49.6162    681858
49.6167    681867
49.6171    681876
49.6176    681885
49.6184    681894
49.6188    681903
49.6193    681912
49.62    681921
49.6205    681930
49.6209    681939
49.6214    681948
49.6222    681957
49.6226    681966
49.6231    681975
49.6236    681984
49.6243    681993
49.6248    682002
49.6278    682011
49.632    682020
49.635    682029
49.6371    682038
49.6392    682047
49.6409    682056
49.643    682065
49.6448    682074
49.6469    682083
49.6486    682092
49.6507    682101
49.6524    682110
49.6545    682119
49.6562    682128
49.6592    682137
49.663    682146
49.6669    682155
49.6707    682164
49.6745    682173
49.6783    682182
49.6822    682191
50.7785    682200
50.779    682209
50.7794    682218
50.7798    682227
50.7806    682236
50.7811    682245
50.7815    682254
50.782    682263
50.7827    682272
50.7832    682281
50.7837    682290
50.7841    682299
50.7849    682308
50.7853    682317
50.7858    682326
50.7866    682335
50.787    682344
50.7875    682353
50.7882    682362
50.7887    682371
50.7892    682380
50.7896    682389
50.7904    682398
50.7909    682407
50.7913    682416
50.7918    682425
50.7925    682434
50.793    682443
50.7934    682452
50.7942    682461
50.7947    682470
50.7951    682479
50.7959    682488
50.7963    682497
50.7968    682506
50.7973    682515
50.7977    682524
50.7985    682533
50.7989    682542
50.7994    682551
50.8001    682560
50.8006    682569
50.8011    682578
50.8015    682587
50.8023    682596
50.8028    682605
50.8032    682614
50.8037    682623
50.8044    682632
50.8049    682641
50.8054    682650
50.8062    682659
50.8104    682668
50.8146    682677
50.8172    682686
50.8189    682695
50.821    682704
50.8228    682713
50.8248    682722
50.8266    682731
50.8287    682740
50.8304    682749
50.8325    682758
50.8342    682767
50.8363    682776
50.838    682785
50.8419    682794
50.8457    682803
50.8495    682812
50.8533    682821
50.8572    682830
50.861    682839
50.8648    682848
51.9595    682857
51.96    682866
51.9607    682875
51.9612    682884
51.9616    682893
51.9621    682902
51.9628    682911
51.9633    682920
51.9638    682929
51.9642    682938
51.965    682947
51.9654    682956
51.9659    682965
51.9667    682974
51.9671    682983
51.9676    682992
51.9683    683001
51.9688    683010
51.9693    683019
51.9697    683028
51.9705    683037
51.971    683046
51.9714    683055
51.9719    683064
51.9726    683073
51.9731    683082
51.9735    683091
51.9743    683100
51.9748    683109
51.9752    683118
51.976    683127
51.9765    683136
51.9769    683145
51.9774    683154
51.978    683163
51.9786    683172
51.979    683181
51.9795    683190
51.9802    683199
51.9807    683208
51.9812    683217
51.9816    683226
51.9824    683235
51.9829    683244
51.9833    683253
51.9838    683262
51.9845    683271
51.985    683280
51.9855    683289
51.9862    683298
51.9867    683307
51.9897    683316
51.9931    683325
51.9965    683334
51.999    683343
52.0007    683352
52.0028    683361
52.0046    683370
52.0066    683379
52.0084    683388
52.0105    683397
52.0122    683406
52.0143    683415
52.016    683424
52.0181    683433
52.0207    683442
52.0245    683451
52.0283    683460
52.0322    683469
52.036    683478
52.0398    683487
52.0436    683496
53.1404    683505
53.1409    683514
53.1413    683523
53.1417    683532
53.1422    683541
53.1429    683550
53.1434    683559
53.1439    683568
53.1443    683577
53.1451    683586
53.1455    683595
53.146    683604
53.1468    683613
53.1472    683622
53.1477    683631
53.1484    683640
53.1489    683649
53.1494    683658
53.1498    683667
53.1506    683676
53.1511    683685
53.1515    683694
53.152    683703
53.1527    683712
53.1532    683721
53.1536    683730
53.1544    683739
53.1549    683748
53.1553    683757
53.1561    683766
53.1566    683775
53.157    683784
53.1575    683793
53.1582    683802
53.1587    683811
53.1591    683820
53.1596    683829
53.1603    683838
53.1608    683847
53.1613    683856
53.1618    683865
53.1625    683874
53.163    683883
53.1638    683892
53.1642    648076
53.1647    648085
53.1655    648094
53.1663    648103
53.1668    648112
53.1673    648121
53.1698    648130
53.1732    648139
53.177    648148
53.1795    648157
53.1813    648166
53.1834    648175
53.1851    648184
53.1872    648193
53.1889    648202
53.191    648211
53.1927    648220
53.1948    648229
53.1966    648238
53.1986    648247
53.2008    648256
53.2046    648265
53.2084    648274
53.2123    648283
53.2161    648292
53.2199    648301
53.2237    648310
53.2276    648319
54.3218    648328
54.3222    648337
54.3227    648346
54.3235    648355
54.324    648364
54.3248    648373
54.3253    648382
54.3261    648391
54.3265    648400
54.3273    648409
54.3278    648418
54.3286    648427
54.3291    648436
54.3299    648445
54.3304    648454
54.3312    648463
54.3316    648472
54.3324    648481
54.3329    648490
54.3337    648499
54.3342    648508
54.335    648517
54.3355    648526
54.3363    648535
54.3367    648544
54.3375    648553
54.338    648562
54.3388    648571
54.3393    648580
54.34    648589
54.3405    648598
54.3413    648607
54.3418    648616
54.3423    617125
54.3431    617134
54.3438    617143
54.3443    617152
54.3448    618160
54.3456    618169
54.3461    618178
54.3469    618187
54.3474    618196
54.3482    618205
54.3487    618214
54.3524    618223
54.3567    618232
54.3592    618241
54.3614    618250
54.3635    618259
54.3652    618268
54.3673    618277
54.369    618286
54.3711    618295
54.3728    618304
54.3749    618313
54.3767    618322
54.3787    618331
54.3805    618340
54.3839    618349
54.3877    618358
54.3915    618367
54.3953    618376
54.3992    618385
54.403    618394
54.4068    618403
55.5024    618412
55.5028    618421
55.5036    618430
55.5041    618439
55.5048    618448
55.5053    618457
55.5061    618466
55.5066    618475
55.5074    618484
55.5079    618493
55.5087    618502
55.5092    618511
55.5099    618520
55.5104    618529
55.5112    618538
55.5117    618547
55.5125    618556
55.513    618565
55.5138    618574
55.5143    618583
55.515    618592
55.5155    618601
55.5163    618610
55.5168    618619
55.5176    618628
55.5181    618637
55.5189    618646
55.5194    618655
55.5201    618664
55.5207    618673
55.5213    618682
55.5219    618691
55.5224    618700
55.5232    618709
55.5237    618718
55.5244    618727
55.5249    618736
55.5257    618745
55.5261    620752
55.5266    620761
55.5274    620770
55.5282    620779
55.5287    620788
55.5292    620797
55.5317    620806
55.5351    620815
55.5389    620824
55.5414    620833
55.5432    620842
55.5453    620851
55.547    620860
55.5491    620869
55.5508    620878
55.5529    620887
55.5546    620896
55.5567    620905
55.5585    620914
55.5606    620923
55.5627    620932
55.5665    620941
55.5704    620950
55.5742    620959
55.578    620968
55.5818    620977
55.5856    620986
55.5895    620995
56.6837    621004
56.6842    621013
56.6846    621022
56.6854    621031
56.6859    621040
56.6867    621049
56.6872    621058
56.688    621067
56.6885    621076
56.6892    621085
56.6897    621094
56.6905    621103
56.691    621112
56.6918    621121
56.6923    621130
56.6931    621139
56.6936    621148
56.6943    621157
56.6948    621166
56.6956    621175
56.6961    621184
56.6969    621193
56.6974    621202
56.6982    621211
56.6987    621220
56.6994    621229
56.6999    621238
56.7007    621247
56.7012    621256
56.7019    621251
56.7024    621260
56.7032    621269
56.7037    621278
56.7042    621287
56.705    621296
56.7058    621305
56.7062    618314
56.7067    619322
56.7075    619331
56.7079    619340
56.7084    619349
56.7092    619358
56.7097    619367
56.7105    619376
56.7135    619385
56.7169    619394
56.7203    619403
56.7228    619412
56.7245    619421
56.7266    619430
56.7284    619439
56.7305    619448
56.7322    619457
56.7343    619466
56.736    619475
56.7381    619484
56.7398    619493
56.7419    619502
56.7445    619511
56.7483    619520
56.7522    619529
56.756    619538
56.7598    619547
56.7636    619556
56.7675    619565
57.8642    619574
57.8647    619583
57.8651    619592
57.8659    619601
57.8664    619610
57.8672    619619
57.8677    619628
57.8684    619637
57.869    619646
57.8697    619655
57.8702    619664
57.871    619673
57.8715    619682
57.8723    619691
57.8728    619700
57.8735    619709
57.874    619718
57.8748    619727
57.8753    619736
57.8761    619745
57.8766    619754
57.8774    619763
57.8779    619772
57.8786    619781
57.8791    619790
57.8799    619799
57.8804    619808
57.8812    619817
57.8817    619826
57.8825    619835
57.883    619844
57.8834    619853
57.8842    619862
57.8847    619871
57.8855    619880
57.886    619889
57.8868    619898
57.8873    619907
57.888    619916
57.8885    619921
57.8893    619930
57.8898    619939
57.8902    619948
57.891    619957
57.8919    619966
57.8961    619975
57.8999    619984
57.9025    619993
57.9046    620002
57.9064    620011
57.9084    620020
57.9102    620029
57.9123    620038
57.914    620047
57.9161    620056
57.9178    620065
57.9199    620074
57.9216    620083
57.9237    620092
57.9272    620101
57.931    620110
57.9348    620119
57.9386    620128
57.9425    620137
57.9463    620146
57.9501    620155
59.0452    620164
59.046    620173
59.0465    620182
59.0469    620191
59.0477    620200
59.0482    620209
59.049    620218
59.0495    620227
59.0503    620236
59.0508    620245
59.0516    620254
59.0521    620263
59.0528    620272
59.0533    620281
59.0541    620290
59.0546    620299
59.0554    620308
59.0559    620317
59.0567    620326
59.0572    620335
59.0579    620344
59.0584    620353
59.0592    620362
59.0597    620371
59.0605    620380
59.061    620389
59.0618    620398
59.0623    620407
59.063    620416
59.0635    620425
59.0643    620434
59.0648    620443
59.0652    620452
59.066    620461
59.0668    620470
59.0673    620479
59.0678    620488
59.0686    620497
59.0694    620506
59.0698    620515
59.0703    620524
59.0708    620533
59.0715    620542
59.072    620551
59.0729    620560
59.0771    620569
59.0813    620578
59.0839    620587
59.0856    620596
59.0877    620605
59.0894    620614
59.0915    620623
59.0933    620632
59.0953    620641
59.0971    620650
59.0992    620659
59.1009    620668
59.103    620677
59.1047    620686
59.1085    620695
59.1124    620704
59.1162    620713
59.12    620722
59.1238    620731
59.1277    620740
59.1315    620749
60.2262    620758
60.227    620767
60.2274    620776
60.2282    620785
60.2287    620794
60.2292    620803
60.23    620812
60.2308    620821
60.2313    620830
60.2317    620839
60.2325    620848
60.2333    620857
60.2338    620866
60.2343    620875
60.2351    620884
60.2359    620893
60.2364    620902
60.2368    620911
60.2376    620920
60.2384    620929
60.2389    620938
60.2394    620947
60.2402    620956
60.241    620965
60.2415    620974
60.2419    620983
60.2427    620992
60.2435    621001
60.244    621010
60.2445    621019
60.2453    621028
60.2458    621037
60.2465    621046
60.247    621055
60.2478    621064
60.2483    621073
60.249    621082
60.2496    621091
60.2503    621100
60.2509    621109
60.2516    621118
60.2521    621127
60.2526    621136
60.2533    621145
60.2563    621154
60.2598    621163
60.2632    621172
60.2657    621181
60.2674    621190
60.2695    621199
60.2712    621208
60.2733    621217
60.2751    621226
60.2771    621235
60.2789    621244
60.281    621253
60.2827    621262
60.2848    621271
60.2874    621280
60.2912    621289
60.295    621298
60.2988    621307
60.3027    621316
60.3065    621325
60.3103    621334
61.4071    621343
61.4075    621352
61.408    621361
61.4088    621370
61.4092    621379
61.4101    621388
61.4105    621397
61.4113    621406
61.4118    621415
61.4126    621424
61.4131    621433
61.4139    621442
61.4144    621451
61.4152    621460
61.4156    621469
61.4164    621478
61.4169    621487
61.4177    621496
61.4182    621505
61.4189    621514
61.4195    621523
61.4203    621532
61.4207    621541
61.4215    621550
61.422    621559
61.4228    621568
61.4233    621577
61.424    621586
61.4246    621595
61.4254    621604
61.4259    621613
61.4263    621622
61.4271    621631
61.4276    621640
61.4283    621649
61.4288    621658
61.4296    621667
61.4301    621676
61.4309    621685
61.4314    621694
61.4322    621703
61.4327    621712
61.4334    621721
61.4339    621730
61.4347    621739
61.439    621748
61.4428    621757
61.4454    621766
61.4475    621775
61.4492    621784
61.4513    621793
61.453    621802
61.4551    621811
61.4569    621820
61.4589    621829
61.4607    621838
61.4628    621847
61.4645    621856
61.4666    621865
61.47    621874
61.4739    621883
61.4777    621892
61.4815    621901
61.4853    621910
61.4891    621919
61.493    621928
62.5881    621937
62.5889    621946
62.5894    621955
62.5898    621964
62.5906    621973
62.5911    621982
62.5919    621991
62.5924    622000
62.5931    622009
62.5936    622018
62.5944    622027
62.5949    622036
62.5957    622045
62.5962    622054
62.597    622063
62.5975    622072
62.5982    622081
62.5987    622090
62.5995    622099
62.6    622108
62.6008    622117
62.6013    622126
62.6021    622135
62.6026    622144
62.6033    622153
62.6038    622162
62.6046    622171
62.6051    622180
62.6059    622189
62.6064    622198
62.6072    622207
62.6076    622216
62.6081    622225
62.6089    622234
62.6097    622243
62.6102    622252
62.6107    622261
62.6114    622270
62.6122    622279
62.6127    622288
62.6132    622297
62.614    622306
62.6145    622315
62.6152    622324
62.6174    622333
62.6216    622342
62.625    622351
62.6272    622360
62.6293    622369
62.631    622378
62.6331    622387
62.6348    622396
62.6369    622405
62.6387    622414
62.6408    622423
62.6425    622432
62.6446    622441
62.6463    622450
62.6489    622459
62.6527    622468
62.6565    622477
62.6603    622486
62.6642    622495
62.668    622504
62.6718    622513
62.6756    622522
63.7695    622531
63.7699    622540
63.7707    622549
63.7712    622558
63.7719    622567
63.7724    622576
63.7729    622585
63.7737    622594
63.7745    622603
63.775    622612
63.7755    622621
63.7763    622630
63.777    622639
63.7775    622648
63.778    622657
63.7788    622666
63.7796    622675
63.7801    622684
63.7806    622693
63.7814    622702
63.7821    622711
63.7826    622720
63.7831    622729
63.7839    622738
63.7847    622747
63.7852    622756
63.7857    622765
63.7864    622774
63.7872    622783
63.7877    622792
63.7882    622801
63.789    622810
63.7895    622819
63.7902    622828
63.7907    622837
63.7915    622846
63.792    622855
63.7928    622864
63.7933    622873
63.7941    622882
63.7945    622891
63.795    622900
63.7958    622909
63.7963    622918
63.8001    622927
63.8043    622936
63.8069    622945
63.809    622954
63.8111    622963
63.8128    622972
63.8149    622981
63.8166    622990
63.8187    622999
63.8205    623008
63.8226    623017
63.8243    623026
63.8264    623035
63.8281    623044
63.8315    623053
63.8353    623062
63.8392    623071
63.843    623080
63.8468    623089
63.8506    623098
63.8544    623107
64.95    623116
64.9504    623125
64.9513    623134
64.9517    623143
64.9525    623152
64.953    623161
64.9538    623170
64.9542    623179
64.955    623188
64.9555    623197
64.9563    623206
64.9568    623215
64.9576    623224
64.9581    623233
64.9589    623242
64.9593    623251
64.9601    623260
64.9606    623269
64.9614    623278
64.9619    623287
64.9627    623296
64.9632    623305
64.964    623314
64.9644    623323
64.9652    623332
64.9657    623341
64.9665    623350
64.967    623359
64.9678    623368
64.9683    623377
64.969    623372
64.9695    623381
64.97    623390
64.9708    623399
64.9713    623408
64.972    623417
64.9726    623426
64.9733    623435
64.9738    623444
64.9746    623453
64.9751    623462
64.9759    623471
64.9763    623480
64.9768    623489
64.9793    623498
64.9827    623507
64.9866    623516
64.9891    623525
64.9908    623534
64.9929    623543
64.9946    623552
64.9967    623561
64.9984    623570
65.0005    623579
65.0023    623588
65.0044    623597
65.0061    623606
65.0082    623615
65.0103    623624
65.0142    623633
65.018    623642
65.0218    623651
65.0256    623660
65.0295    623669
65.0333    623678
65.0371    623687
66.1313    623696
66.1318    623705
66.1322    623714
66.1331    623723
66.1335    623732
66.1343    623741
66.1348    623750
66.1356    623759
66.1361    623768
66.1369    623777
66.1373    623786
66.1382    623795
66.1386    623804
66.1394    623813
66.1399    623822
66.1407    623831
66.1412    623840
66.1419    623849
66.1424    623858
66.1433    623867
66.1437    623876
66.1445    623885
66.145    623894
66.1458    623903
66.1463    623912
66.147    623921
66.1476    623930
66.1484    623939
66.1488    623948
66.1496    623957
66.1501    623966
66.1508    623975
66.1513    623984
66.1518    623993
66.1526    624002
66.1534    624011
66.1539    624020
66.1544    624029
66.1552    624038
66.1559    624047
66.1564    624056
66.1569    624065
66.1577    624074
66.1582    624083
66.1619    624092
66.1662    624101
66.1687    624110
66.1709    624119
66.1726    624128
66.1747    624137
66.1764    624146
66.1785    624155
66.1802    624164
66.1823    624173
66.1841    624182
66.1862    624191
66.1879    624200
66.19    624209
66.193    624218
66.1968    624227
66.2006    624236
66.2045    624245
66.2083    624254
66.2121    624263
66.2159    624272
67.3119    624281
67.3123    624290
67.3131    624299
67.3136    624308
67.3141    624317
67.3149    624326
67.3156    624335
67.3161    624344
67.3166    624353
67.3174    624362
67.3182    624371
67.3187    624380
67.3192    624389
67.32    624398
67.3207    624407
67.3212    624416
67.3217    624425
67.3225    624434
67.3233    624443
67.3238    624452
67.3243    624461
67.3251    624470
67.3258    624479
67.3263    624488
67.3268    624497
67.3276    624506
67.3284    624515
67.3289    624524
67.3294    624533
67.3302    624542
67.3309    624551
67.3314    624560
67.3319    624569
67.3327    624578
67.3332    624587
67.3339    624596
67.3344    624605
67.3352    624614
67.3357    624623
67.3365    624632
67.337    624641
67.3377    624650
67.3382    624659
67.3387    624668
67.3404    624677
67.3446    624686
67.348    624695
67.3506    624704
67.3527    624713
67.3544    624722
67.3565    624731
67.3582    624740
67.3603    624749
67.3621    624758
67.3641    624767
67.3659    624776
67.368    624785
67.3697    624794
67.3718    624803
67.3756    624812
67.3795    624821
67.3833    624830
67.3871    624839
67.3909    624848
67.3948    624857
67.3986    624866
68.4932    624875
68.4937    624884
68.4941    624893
68.4949    624902
68.4954    624911
68.4962    624920
68.4967    624929
68.4975    624938
68.498    624947
68.4987    624956
68.4992    624965
68.5    624974
68.5005    624983
68.5013    624992
68.5018    625001
68.5026    625010
68.5031    625019
68.5038    625028
68.5043    625037
68.5051    625046
68.5056    625055
68.5064    625064
68.5069    625073
68.5077    625082
68.5082    625091
68.5089    625100
68.5094    625109
68.5102    625118
68.5107    625127
68.5115    625136
68.512    625145
68.5127    625154
68.5132    625163
68.5137    625172
68.5145    625181
68.515    625190
68.5158    625199
68.5163    625208
68.5171    625217
68.5176    625226
68.5183    625235
68.5188    625244
68.5195    625253
68.52    625262
68.523    625271
68.5273    625280
68.5303    625289
68.5324    625298
68.5345    625307
68.5362    625316
68.5383    625325
68.54    625334
68.5421    625343
68.5439    625352
68.5459    625361
68.5477    625370
68.5498    625379
68.5515    625388
68.5541    625397
68.5579    625406
68.5617    625415
68.5655    625424
68.5693    625433
68.5732    625442
68.577    625451
69.6737    625460
69.6742    625469
69.6747    625478
69.6755    625487
69.6759    625496
69.6767    625505
69.6772    625514
69.678    625523
69.6785    625532
69.6793    625541
69.6798    625550
69.6805    625559
69.681    625568
69.6818    625577
69.6823    625586
69.6831    625595
69.6836    625604
69.6844    625613
69.6849    625622
69.6856    625631
69.6861    625640
69.6869    625649
69.6874    625658
69.6882    625667
69.6887    625676
69.6895    625685
69.69    625694
69.6907    625703
69.6913    625712
69.692    625721
69.6925    625730
69.6932    625739
69.6938    625748
69.6943    625757
69.695    625766
69.6955    625775
69.6963    625784
69.6968    625793
69.6976    625802
69.6981    625811
69.6989    625820
69.6993    625829
69.7001    625838
69.7006    625847
69.7014    625856
69.7057    625865
69.7095    625874
69.7121    625883
69.7142    625892
69.7159    625901
69.718    625910
69.7197    625919
69.7218    625928
69.7235    625937
69.7256    625946
69.7274    625955
69.7294    625964
69.7312    625973
69.7333    625982
69.7363    625991
69.7401    626000
69.7439    626009
69.7477    626018
69.7516    626027
69.7554    626036
69.7592    626045
70.8548    626054
70.8552    626063
70.856    626072
70.8565    626081
70.8572    626090
70.8577    626099
70.8585    626108
70.859    626117
70.8598    626126
70.8603    626135
70.8611    626144
70.8616    626153
70.8623    626162
70.8628    626171
70.8636    626180
70.8641    626189
70.8649    626198
70.8654    626207
70.8662    626216
70.8667    626225
70.8674    626234
70.8679    626243
70.8687    626252
70.8692    626261
70.87    626270
70.8705    626279
70.8713    626288
70.8718    626297
70.8725    626306
70.8731    626315
70.8738    626324
70.8743    626333
70.8748    626342
70.8756    626351
70.8761    626360
70.8768    626369
70.8773    626378
70.8781    626387
70.8786    626396
70.8794    626405
70.8799    626414
70.8806    626423
70.8811    626432
70.8816    626441
70.8841    626450
70.8875    626459
70.8913    626468
70.8938    626477
70.8956    626486
70.8977    626495
70.8994    626504
70.9015    626513
70.9032    626522
70.9053    626531
70.907    626540
70.9091    626549
70.9109    626558
70.913    626567
70.9147    626576
70.9185    626585
70.9223    626594
70.9262    626603
70.93    626612
70.9338    626621
70.9376    626630
70.9414    626639
72.0361    626648
72.0366    626657
72.037    626666
72.0378    626675
72.0383    626684
72.039    626693
72.0395    626702
72.0403    626711
72.0408    626720
72.0416    626729
72.0421    626738
72.0429    626747
72.0434    626756
72.0441    626765
72.0446    626774
72.0454    626783
72.0459    626792
72.0467    626801
72.0472    626810
72.048    626819
72.0485    626828
72.0492    626837
72.0497    626846
72.0505    626855
72.051    626864
72.0518    626873
72.0523    626882
72.0531    626891
72.0536    626900
72.0543    626909
72.0549    626918
72.0555    626927
72.0561    626936
72.0566    626945
72.0574    626954
72.0579    626963
72.0586    626972
72.0591    626981
72.0599    626990
72.0604    626999
72.0612    627008
72.0617    627017
72.0624    627026
72.0629    627035
72.0659    627044
72.0702    627053
72.0731    627062
72.0752    627071
72.0773    627080
72.0791    627089
72.0812    627098
72.0829    627107
72.085    627116
72.0867    627125
72.0888    627134
72.0905    627143
72.0926    627152
72.0944    627161
72.0969    627170
72.1007    627179
72.1046    627188
72.1084    627197
72.1122    627206
72.116    627215
72.1199    627224
73.2166    627233
73.2171    627242
73.2175    627251
73.2183    627260
73.2188    627269
73.2196    627278
73.2201    627287
73.2208    627296
73.2214    627305
73.2221    627314
73.2226    627323
73.2234    627332
73.2239    627341
73.2247    627350
73.2252    627359
73.2259    627368
73.2264    627377
73.2272    627386
73.2277    627395
73.2285    627404
73.229    627413
73.2298    627422
73.2303    627431
73.231    627440
73.2315    627449
73.2323    627458
73.2328    627467
73.2336    627476
73.2341    627485
73.2349    627494
73.2354    627503
73.2361    626499
73.2366    627507
73.2371    627516
73.2379    627525
73.2384    627534
73.2392    627543
73.2397    627552
73.2404    627561
73.2409    627570
73.2417    627579
73.2422    627588
73.2429    627597
73.2434    627606
73.2443    627615
73.2485    627624
73.2523    627633
73.2549    627642
73.257    627651
73.2588    627660
73.2608    627669
73.2626    627678
73.2647    627687
73.2664    627696
73.2685    627705
73.2702    627714
73.2723    627723
73.274    627732
73.2761    627741
73.2791    627750
73.283    627759
73.2868    627768
73.2906    627777
73.2944    627786
73.2983    627795
73.3021    627804
74.3976    627813
74.3981    627822
74.3989    627831
74.3993    627840
74.4001    627849
74.4006    627858
74.4014    627867
74.4019    627876
74.4026    627885
74.4032    627894
74.404    627903
74.4044    627912
74.4052    627921
74.4057    627930
74.4065    627939
74.407    627948
74.4077    627957
74.4083    627966
74.4091    627975
74.4095    627984
74.4103    627993
74.4108    628002
74.4116    628011
74.4121    628020
74.4128    628029
74.4134    628038
74.4141    628047
74.4147    628056
74.4154    628065
74.4159    628074
74.4167    628083
74.4172    628092
74.4176    628101
74.4184    628110
74.4189    628119
74.4197    628128
74.4202    628137
74.421    628146
74.4215    628155
74.4222    628164
74.4227    628173
74.4235    628151
74.424    628160
74.4244    628169
74.4269    628178
74.4304    628187
74.4342    628196
74.4367    628205
74.4384    628214
74.4405    628223
74.4423    628232
74.4443    628241
74.4461    628250
74.4482    628259
74.4499    628268
74.452    628277
74.4537    628286
74.4558    628295
74.4575    628304
74.4614    628313
74.4652    628322
74.469    628331
74.4728    628340
74.4767    628349
74.4805    628358
74.4843    628367
75.5789    628376
75.5794    628385
75.5799    628394
75.5807    628403
75.5811    628412
75.5819    628421
75.5824    628430
75.5832    628439
75.5837    628448
75.5844    628457
75.585    628466
75.5858    628475
75.5862    628484
75.587    628493
75.5875    628502
75.5883    628511
75.5888    628520
75.5895    628529
75.5901    628538
75.5909    628547
75.5913    628556
75.5921    628565
75.5926    628574
75.5934    628583
75.5939    628592
75.5946    628601
75.5952    628610
75.596    628619
75.5965    628628
75.5972    628637
75.5977    628646
75.5985    628655
75.5989    628664
75.5994    628673
75.6002    628682
75.6007    628691
75.6015    628700
75.602    628709
75.6028    628718
75.6033    628727
75.604    628736
75.6045    628745
75.6053    628754
75.6058    628763
75.6088    628772
75.613    628781
75.616    628790
75.6181    628799
75.6202    628808
75.6219    628817
75.624    628826
75.6258    628835
75.6278    628844
75.6296    628853
75.6317    628862
75.6334    628871
75.6355    628880
75.6372    628889
75.6398    628898
75.6436    628907
75.6474    628916
75.6512    628925
75.6551    628934
75.6589    628943
75.6627    628952
76.7595    628961
76.7599    628970
76.7604    628979
76.7612    628988
76.7616    628997
76.7625    629006
76.7629    629015
76.7637    629024
76.7642    629033
76.765    629042
76.7655    629051
76.7663    629060
76.7668    629069
76.7676    629078
76.768    629087
76.7688    629096
76.7693    629105
76.7701    629114
76.7706    629123
76.7713    629132
76.7719    629141
76.7727    629150
76.7731    629159
76.7739    629168
76.7744    629177
76.7752    629186
76.7757    629195
76.7764    629204
76.777    629213
76.7778    629222
76.7783    629231
76.779    629240
76.7795    629249
76.78    629258
76.7807    629267
76.7812    629276
76.782    629285
76.7825    629294
76.7833    629303
76.7838    629312
76.7846    629321
76.7851    629330
76.7858    629339
76.7863    629348
76.7871    629357
76.7914    629366
76.7952    629375
76.7978    629384
76.7999    629393
76.8016    629402
76.8037    629411
76.8054    629420
76.8075    629429
76.8093    629438
76.8113    629447
76.8131    629456
76.8152    629465
76.8169    629474
76.819    629483
76.822    629492
76.8258    629501
76.8296    629510
76.8335    629519
76.8373    629528
76.8411    629537
76.8449    629546
77.9405    629555
77.9409    629564
77.9417    629573
77.9422    629582
77.9426    629591
77.9435    629600
77.9442    629609
77.9447    629618
77.9452    629627
77.946    629636
77.9468    629645
77.9473    629654
77.9477    629663
77.9485    629672
77.9493    629681
77.9498    629690
77.9503    629699
77.9511    629708
77.9519    629717
77.9524    629726
77.9528    629735
77.9536    629744
77.9544    629753
77.9549    629762
77.9554    629771
77.9562    629780
77.957    629789
77.9575    629798
77.958    629807
77.9587    629816
77.9595    629825
77.96    629834
77.9605    629843
77.9613    629852
77.9618    629861
77.9625    629870
77.963    629879
77.9638    629888
77.9643    629897
77.965    629906
77.9656    629915
77.9664    629924
77.9668    629933
77.9673    629942
77.9689    629951
77.9732    629960
77.9766    629969
77.9796    629978
77.9817    629987
77.9838    629996
77.9855    592820
77.9877    592829
77.9898    592838
77.9923    592847
77.9945    592856
77.997    592865
77.9996    592874
78.003    592883
78.0068    592892
78.0106    592901
78.0144    592910
78.0182    592919
78.0221    592928
78.0259    592937
79.1214    592946
79.1222    592955
79.1227    592964
79.1236    592973
79.1243    592982
79.1248    592991
79.1256    593000
79.1262    593009
79.127    593018
79.1278    593027
79.1283    593036
79.1291    593045
79.1299    593054
79.1304    593063
79.1312    593072
79.132    593081
79.1325    593090
79.1333    593099
79.1338    593108
79.1346    593117
79.1354    593126
79.1359    593135
79.1367    593144
79.1375    593153
79.138    593162
79.1388    593171
79.1396    593180
79.1402    593189
79.1409    593198
79.1414    593207
79.1422    593216
79.1427    593225
79.1435    593234
79.1443    593243
79.1448    593252
79.1456    593261
79.1464    593270
79.147    593279
79.1477    593288
79.1482    593297
79.1508    593306
79.158    593315
79.1614    561824
79.1631    561833
79.1652    561842
79.1673    562850
79.1694    562859
79.1716    562868
79.1741    562877
79.1763    562886
79.1788    562895
79.1814    562904
79.1852    562913
79.189    562922
79.1928    562931
79.1967    562940
79.2005    562949
79.2043    562958
79.2081    562967
80.3027    562976
80.3032    562985
80.304    562994
80.3045    563003
80.3054    563012
80.3062    563021
80.3067    563030
80.3075    563039
80.3083    563048
80.3088    563057
80.3096    563066
80.3104    563075
80.3109    563084
80.3117    563093
80.3122    563102
80.313    563111
80.3138    563120
80.3143    563129
80.3151    563138
80.316    563147
80.3168    525857
80.3176    525866
80.3185    525875
80.3193    525884
80.3202    525893
80.321    525902
80.3219    525911
80.3224    525920
80.3233    525929
80.3241    525938
80.325    525947
80.3258    525956
80.3266    525965
80.3275    525974
80.3283    525983
80.3291    525992
80.3317    526001
80.339    526010
80.3423    526019
80.344    526028
80.3462    526037
80.3483    528044
80.35    528053
80.3525    528062
80.3547    528071
80.3572    528080
80.3597    528089
80.3623    528098
80.3657    528107
80.3695    528116
80.3734    528125
80.3772    528134
80.381    528143
80.3848    528152
80.3887    528161
81.4837    528170
81.4846    528179
81.4854    528188
81.4863    528197
81.4871    528206
81.488    528215
81.4888    528224
81.4897    528233
81.4905    528242
81.4914    528251
81.4922    528260
81.4931    528269
81.4939    528278
81.4948    528287
81.4956    496796
81.4965    496805
81.4973    496814
81.4978    497822
81.4987    497831
81.4995    497840
81.5004    497849
81.5012    497858
81.5021    497867
81.5029    496863
81.5037    497871
81.5046    497880
81.5054    497889
81.5063    497898
81.5071    497907
81.508    497916
81.5088    497925
81.5096    497934
81.5102    497943
81.5152    497952
81.5212    497961
81.5237    497970
81.5259    497979
81.5279    497988
81.5297    500994
81.5318    502002
81.5335    502011
81.536    502020
81.5382    502029
81.5407    502038
81.5433    502047
81.5471    502056
81.5509    502065
81.5547    502074
81.5586    502083
81.5624    502092
81.5662    502101
81.57    502110
82.6647    502119
82.6656    502128
82.6664    502137
82.6673    502146
82.6681    502155
82.669    502164
82.6698    502173
82.6707    502182
82.6715    502191
82.6724    502200
82.6732    502209
82.6741    502218
82.6749    502227
82.6758    502236
82.6766    502245
82.6775    502254
82.6783    502263
82.6791    503271
82.6796    504279
82.6805    504288
82.6814    504297
82.6822    504306
82.6831    504315
82.6839    504324
82.6847    504333
82.6855    504342
82.6864    504351
82.6872    504360
82.6881    504369
82.6889    504378
82.6898    504387
82.6906    504382
82.6911    504391
82.6962    504400
82.7021    504409
82.7047    504418
82.7068    504427
82.7089    504436
82.7106    508441
82.7127    510448
82.7145    512455
82.7165    512464
82.7183    512473
82.7208    512482
82.7233    512491
82.7263    512500
82.7302    512509
82.734    512518
82.7378    512527
82.7416    512536
82.7455    512545
82.7493    512554
83.8452    512563
83.8461    512572
83.8469    512581
83.8478    512590
83.8486    512599
83.8495    512608
83.8503    512617
83.8512    512626
83.852    512635
83.8529    512644
83.8537    512653
83.8546    512662
83.8554    512671
83.8563    512680
83.8571    512689
83.858    512698
83.8588    512707
83.8597    510715
83.8602    510724
83.861    510733
83.8618    510742
83.8627    510751
83.8635    510760
83.8644    510769
83.8652    510778
83.866    510787
83.8669    510796
83.8677    510805
83.8686    510814
83.8694    510823
83.8703    510832
83.8711    510841
83.8719    510850
83.8725    510859
83.8797    510868
83.8843    510877
83.8865    510886
83.8886    510895
83.8903    511903
83.8924    515908
83.8941    518914
83.8962    521920
83.898    524926
83.9    526933
83.9018    526942
83.9039    526951
83.9056    526960
83.909    526969
83.9128    526978
83.9166    526987
83.9205    526996
83.9243    527005
83.9281    527014
83.9319    527023
85.0266    527032
85.0275    527041
85.0283    527050
85.0292    527059
85.03    527068
85.0309    527077
85.0317    527086
85.0326    527095
85.0334    527104
85.0343    527113
85.0351    527122
85.036    527131
85.0368    527140
85.0377    527149
85.0385    527158
85.0394    527167
85.0402    527176
85.041    527181
85.0419    527190
85.0424    527199
85.0433    527208
85.0441    527217
85.045    527226
85.0458    527235
85.0466    527244
85.0474    527253
85.0483    527262
85.0491    527271
85.05    527280
85.0508    527289
85.0517    527298
85.0525    527307
85.0533    527316
85.0581    527325
85.064    527334
85.0666    527343
85.0687    527352
85.0708    527361
85.0725    528369
85.0746    528378
85.0764    528387
85.0785    528396
85.0802    528405
85.0823    528414
85.084    528423
85.0861    528432
85.0878    528441
85.0899    528450
85.0917    528459
85.0937    528468
85.0972    528477
85.101    528486
85.1048    528495
85.1086    528504
85.1125    528513
86.2075    528522
86.2084    528531
86.2092    528540
86.2101    528549
86.2109    528558
86.2118    528567
86.2126    528576
86.2135    528585
86.2143    528594
86.2152    528603
86.216    528612
86.2169    528621
86.2177    528630
86.2186    528639
86.2194    528648
86.2203    528657
86.2211    528666
86.222    528675
86.2225    528684
86.2233    528693
86.2241    528702
86.2246    528711
86.2255    528720
86.2263    528729
86.2272    528738
86.228    528747
86.2289    528756
86.2297    528765
86.2306    528774
86.2314    528783
86.2323    528792
86.2331    528801
86.2339    528810
86.2348    528819
86.2433    528828
86.2467    528837
86.2488    528846
86.2509    528855
86.2526    528864
86.2547    528873
86.2565    528882
86.2586    528891
86.2603    528900
86.2624    528909
86.2641    528918
86.2662    528927
86.2679    528936
86.27    528945
86.2718    528954
86.2738    528963
86.276    528972
86.2798    528981
86.2837    528990
86.2875    528999
86.2913    529008
86.2951    529017
87.3886    529026
87.3894    529035
87.3903    529044
87.3911    529053
87.392    529062
87.3928    529071
87.3937    529080
87.3945    529089
87.3954    529098
87.3962    529107
87.3971    529116
87.3979    529125
87.3988    529134
87.3996    529143
87.4005    529152
87.4013    529161
87.4022    529170
87.403    529179
87.4039    529188
87.4047    529197
87.4056    529206
87.4064    529215
87.4073    529224
87.4081    529233
87.4089    529242
87.4097    529251
87.4106    529260
87.4114    529269
87.4123    529278
87.4131    529287
87.414    529296
87.4147    529305
87.4153    529314
87.4226    529323
87.4272    529332
87.4293    529341
87.4314    529350
87.4332    529359
87.4353    529368
87.437    529377
87.4391    529386
87.4408    529395
87.4429    529404
87.4446    529413
87.4467    529422
87.4485    529431
87.4506    529440
87.4523    529449
87.4544    529458
87.4561    529467
87.4599    529476
87.4638    529485
87.4676    529494
87.4714    529503
87.4752    529512
88.5695    529521
88.5703    529530
88.5712    529539
88.5721    529548
88.5729    529557
88.5738    529566
88.5746    529575
88.5755    529584
88.5763    529593
88.5771    529602
88.578    529611
88.5788    529620
88.5797    529629
88.5805    529638
88.5814    529647
88.5822    529656
88.5831    529665
88.5839    529674
88.5848    529683
88.5856    529692
88.5864    529701
88.5873    529710
88.5881    529719
88.589    529728
88.5895    529737
88.5904    529746
88.5912    529755
88.5921    529764
88.5929    529773
88.5938    529782
88.5946    529791
88.5955    529800
88.5962    529809
88.6018    529818
88.6073    529827
88.6098    529836
88.612    529845
88.6137    529854
88.6158    529863
88.6175    529872
88.6196    529881
88.6213    529890
88.6234    529899
88.6252    529908
88.6273    529917
88.629    529926
88.6311    529935
88.6328    529944
88.6349    529953
88.6366    529962
88.64    529971
88.6439    529980
88.6477    529989
88.6515    529998
88.6553    530007
89.7504    530016
89.7513    530025
89.7521    530034
89.753    530043
89.7538    530052
89.7547    530061
89.7555    530070
89.7564    530079
89.7572    530088
89.7581    530097
89.7589    530106
89.7598    530115
89.7606    530124
89.7615    530133
89.7623    530142
89.7632    530151
89.764    530160
89.7648    530169
89.7657    530178
89.7665    530187
89.7671    530196
89.7679    530205
89.7688    530214
89.7696    530223
89.7704    530218
89.7713    530227
89.7725    492400
89.7734    492409
89.775    454477
89.7764    454486
89.7794    454495
89.7866    454504
89.7899    454513
89.7917    454522
89.7938    454531
89.7959    454540
89.7976    454549
89.7997    454558
89.8015    454567
89.8035    454576
89.8053    454585
89.8074    454594
89.8091    454603
89.8112    454612
89.8129    454621
89.815    454630
89.8167    454639
89.8193    454648
89.8231    454657
89.8269    454666
89.8308    454675
89.8346    454684
90.9309    454693
90.9323    454702
90.934    454711
90.9356    454720
90.9369    454729
90.9386    454738
90.9399    454747
90.9416    454756
90.9433    454765
90.9446    454774
90.9462    454783
90.9476    454792
90.9489    454801
90.9505    423310
90.9518    423319
90.953    392827
90.9544    392836
90.956    393844
90.9574    392840
90.9603    393848
90.9675    393857
90.9709    393866
90.9726    393875
90.9748    393884
90.9768    393893
90.9786    393902
90.9807    393911
90.9824    393920
90.9845    393929
90.9862    393938
90.9883    393947
90.9901    393956
90.9921    393965
90.9939    393974
90.996    393983
90.9977    393992
91.0002    394001
91.0041    394010
91.0079    394019
91.0117    394028
91.0155    394037
92.1119    394046
92.1132    394055
92.1149    394064
92.1166    394073
92.1179    394082
92.1195    394091
92.1209    394100
92.1226    394109
92.1242    394118
92.1255    394127
92.1272    394136
92.1285    394145
92.1298    394154
92.1314    394163
92.1328    394172
92.134    395180
92.1353    396188
92.1366    397196
92.1379    398204
92.1394    398213
92.1472    398222
92.151    398231
92.1532    398240
92.1553    398249
92.1574    398258
92.1591    398267
92.1612    398276
92.1629    398285
92.165    398294
92.1668    398303
92.1688    398312
92.1706    398321
92.1727    398330
92.1744    398339
92.1765    398348
92.1782    398357
92.1803    398366
92.1842    398375
92.188    398384
92.1918    398393
92.1956    398402
92.1995    398411
93.2941    398420
93.2954    398429
93.2971    398438
93.2984    398447
93.3001    398456
93.3018    398465
93.3031    398474
93.3047    398483
93.3061    398492
93.3078    398501
93.3094    398510
93.3103    398519
93.312    398528
93.3136    398537
93.3146    395546
93.3158    396554
93.3171    393563
93.3183    394571
93.3196    394580
93.3231    394589
93.3299    394598
93.3328    394607
93.3349    394616
93.3371    394625
93.3388    394634
93.3409    394643
93.3426    394652
93.3447    394661
93.3464    394670
93.3485    394679
93.3503    394688
93.3523    394697
93.3541    394706
93.3562    394715
93.3579    394724
93.36    394733
93.3626    394742
93.3664    394751
93.3702    394760
93.374    394769
93.3779    394778
94.4738    394787
94.4755    394796
94.4768    394805
94.4785    394814
94.4802    394823
94.4815    394832
94.4831    394841
94.4845    394850
94.4862    394859
94.4878    394868
94.4891    394877
94.4904    394886
94.4921    394895
94.4934    394904
94.4947    394913
94.496    394922
94.4973    394927
94.4989    394936
94.5002    394941
94.5015    394950
94.51    394959
94.5134    394968
94.5155    394977
94.5176    394986
94.5193    394995
94.5214    395004
94.5231    395013
94.5252    395022
94.527    395031
94.5291    395040
94.5308    395049
94.5329    395058
94.5346    395067
94.5367    395076
94.5384    395085
94.5405    395094
94.5427    395103
94.5465    395112
94.5503    395121
94.5542    395130
94.558    395139
94.5618    395148
95.6561    395157
95.6577    395166
95.659    395175
95.6607    395184
95.662    395193
95.6637    395202
95.6654    395211
95.6667    395220
95.6683    395229
95.6697    395238
95.6713    395247
95.6726    395256
95.674    395265
95.6756    395274
95.6768    395283
95.6781    395292
95.679    395301
95.6803    395310
95.6815    395319
95.6841    395328
95.6914    395337
95.6947    395346
95.6964    395355
95.6986    395364
95.7007    395373
95.7024    395382
95.7045    395391
95.7062    395400
95.7083    395409
95.71    395418
95.7121    395427
95.7139    395436
95.716    395445
95.7177    395454
95.7198    395463
95.7215    395472
95.7241    395481
95.7279    395490
95.7317    395499
95.7355    395508
95.7394    395517
96.8357    395526
96.837    395535
96.8387    395544
96.8404    395553
96.8417    395562
96.8434    395571
96.8447    395580
96.8464    395589
96.848    395598
96.8493    395607
96.851    395616
96.8523    395625
96.8536    395634
96.8552    395643
96.8566    395652
96.8579    395661
96.8595    395670
96.8608    395679
96.8621    395688
96.8634    395697
96.871    395706
96.8749    395715
96.877    395724
96.8791    395733
96.8812    395742
96.8829    395751
96.885    395760
96.8867    395769
96.8888    395778
96.8906    395787
96.8927    395796
96.8944    395805
96.8965    395814
96.8982    395823
96.9003    395832
96.902    395841
96.9042    395850
96.908    395859
96.9118    395868
96.9156    395877
96.9195    395886
96.9233    395895
98.0179    395904
98.0193    395913
98.0209    395922
98.0222    395931
98.0239    395940
98.0256    395949
98.0269    395958
98.0286    395967
98.0299    395976
98.0316    395985
98.0332    395994
98.0342    396003
98.0358    396012
98.0374    395008
98.0384    396016
98.0401    396025
98.0414    396034
98.0427    396043
98.0439    396052
98.0503    396061
98.0554    396070
98.0575    396079
98.0596    396088
98.0617    396097
98.0635    396106
98.0655    396115
98.0673    396124
98.0694    396133
98.0711    396142
98.0732    396151
98.0749    396160
98.077    396169
98.0787    396178
98.0808    396187
98.0826    396196
98.0847    396205
98.0881    396214
98.0919    396223
98.0957    396232
98.0996    396241
98.1034    396250
99.1985    396259
99.1998    396268
99.2015    396277
99.2031    396286
99.2045    396295
99.2061    396304
99.2075    396313
99.2091    396322
99.2108    396331
99.2121    396340
99.2138    396349
99.215    396358
99.2164    396367
99.218    396376
99.2193    396385
99.2206    396394
99.2219    396403
99.2235    396412
99.2247    395408
99.2295    396416
99.2355    396425
99.238    396434
99.2402    396443
99.2423    396452
99.244    396461
99.2461    396470
99.2478    396479
99.2499    396488
99.2516    396497
99.2537    396506
99.2555    396515
99.2575    396524
99.2593    396533
99.2614    396542
99.2631    396551
99.2652    396560
99.2682    396569
99.272    396578
99.2758    396587
99.2797    396596
99.2835    396605
100.379    396614
100.381    396623
100.382    396632
100.384    396641
100.385    396650
100.387    396659
100.388    396668
100.39    396677
100.391    396686
100.393    396695
100.394    396704
100.396    396713
100.397    396722
100.399    396731
100.4    396740
100.401    396749
100.403    396758
100.404    396767
100.405    396776
100.409    396785
100.416    396794
100.419    396803
100.421    396812
100.423    396821
100.425    396830
100.427    396839
100.428    396848
100.43    396857
100.432    396866
100.434    396875
100.436    396884
100.438    396893
100.44    396902
100.442    396911
100.444    396920
100.446    396929
100.448    396938
100.452    396947
100.456    396956
100.46    396965
100.464    396974
101.56    396983
101.561    396992
101.563    397001
101.564    397010
101.566    397019
101.567    397028
101.569    397037
101.57    397046
101.572    397055
101.574    397064
101.575    397073
101.576    397051
101.578    397060
101.579    397069
101.581    397078
