2.36106    12000
4.72134    21000
5.90226    30000
5.90268    39000
5.90357    48000
7.08321    57000
7.08364    66000
7.08406    75000
7.08449    84000
7.08495    93000
7.08622    102000
7.08794    111000
8.26423    120000
8.26466    129000
8.26508    138000
8.26551    147000
8.26593    156000
8.26636    165000
8.26678    174000
8.26721    183000
8.90597    192000
8.90724    201000
8.90894    210000
8.91064    219000
9.44515    228000
9.44558    237000
9.446    246000
9.44643    255000
9.44685    264000
9.44728    273000
9.4477    282000
9.44813    291000
9.44855    300000
9.44898    309000
9.4494    318000
9.44983    327000
9.45025    336000
9.45068    345000
9.45146    354000
11.3889    363000
11.3893    372000
11.3901    381000
11.3905    389001
11.391    397002
11.3914    405003
11.3918    412005
11.3922    420006
11.3927    428007
11.3931    436008
11.3935    444009
11.394    452010
11.3944    460011
11.3952    467013
11.3956    475014
11.3961    483015
11.3965    491016
11.3969    499017
11.3974    507018
11.3982    514020
11.3986    522021
11.3994    529023
11.3999    537024
11.4007    544026
11.4012    552027
11.402    559029
11.4029    566031
11.4037    573033
11.405    579036
11.4063    585039
11.4075    591042
11.4092    596046
11.411    601050
11.4131    605055
11.4148    610059
12.5702    616062
12.5707    546564
12.5715    513568
12.5723    518572
12.5732    477076
12.5736    480082
12.5745    484087
12.5757    489091
12.5766    494095
13.8894    456099
13.8902    459105
13.8907    463110
13.8915    467115
13.8923    470121
13.8932    474126
13.894    477132
13.8945    480138
13.8953    483144
13.8962    485151
13.897    487158
13.8975    490164
13.8983    493170
13.8991    496176
13.9    499182
13.9008    501189
13.9013    504195
13.9021    507201
13.903    510207
13.9038    512214
13.9047    515220
13.9059    516228
13.9068    518235
13.9076    519243
13.9085    521250
13.9098    522258
13.9106    523266
13.9119    524274
13.9131    525282
13.9144    526290
13.9157    527298
13.9166    528306
13.9187    529314
13.9204    531321
13.9225    532329
13.9242    534336
13.9263    535344
13.9281    536352
13.9301    536361
14.9326    537369
15.0703    544371
15.072    454337
15.0737    351777
15.0754    300268
15.0775    300277
15.0814    300286
15.0852    300295
16.1144    226225
16.2521    235225
17.0489    240229
17.0501    240238
17.0514    240247
17.0527    240256
17.054    240265
17.0552    240274
17.0565    240283
17.0578    240292
17.0591    240301
17.0603    240310
17.0616    240319
17.0629    240328
17.0642    240337
17.0654    240346
17.0667    240355
17.068    240364
17.0693    240373
17.0705    240382
17.0718    240391
17.0731    240400
17.0744    240409
17.0756    240418
17.2953    246421
17.2974    253423
17.4356    260425
18.2303    263431
18.2315    263440
18.2328    263449
18.2341    263458
18.2354    263467
18.2366    263476
18.2379    263485
18.2392    263494
18.2404    263503
18.2417    263512
18.243    263521
18.2443    263530
18.2455    263539
18.2468    263548
18.614    263557
18.6162    272557
18.6187    281557
19.7963    290557
19.7975    299557
19.7988    308557
19.8026    317557
19.9793    322561
19.9798    322570
19.9806    322579
19.981    322588
19.9819    322597
19.9823    322606
19.9831    322615
19.9836    322624
19.9845    322633
19.9857    322642
19.987    322651
19.9883    322660
19.9896    322669
19.9908    322678
19.992    322687
19.9933    322696
19.9946    322705
19.9959    322714
19.9971    322723
19.9984    322732
19.9997    322741
20.001    322750
20.0027    322759
20.0044    322768
20.0065    322777
20.976    322786
20.9781    315286
20.9802    319291
20.9883    296795
21.1603    297803
21.1611    247096
21.1616    247105
21.1624    247114
21.1632    247123
21.1641    247132
21.1649    247141
21.1658    247150
21.1679    247159
22.1633    210153
23.0097    210160
23.0102    210169
23.011    210178
23.0119    210187
23.0127    210196
23.0136    210205
23.0144    210214
23.0161    210223
23.0182    210232
23.0204    210241
23.0225    210250
23.0242    210259
23.0263    210268
23.028    210277
23.0301    210286
23.0319    210295
23.0339    210304
23.0357    210313
23.0386    210322
23.0424    210331
23.3447    210340
23.3464    210349
23.3481    210358
23.3493    210367
24.1903    212374
24.1907    212383
24.1915    212392
24.192    208899
24.1928    208908
24.1937    208917
24.1945    208926
24.195    208935
24.1966    208944
24.1988    208953
24.2013    208962
24.2039    208971
24.2068    208980
24.2102    206988
25.3793    204480
25.6658    203488
25.6663    203497
25.6671    203506
25.6679    203515
25.6688    203524
25.6692    203533
25.6701    203542
25.6709    203551
25.6722    203560
25.6739    203569
25.676    203578
25.6777    203587
25.6794    203596
25.6815    203605
25.6833    203614
25.6853    203623
25.6871    203632
25.6892    203641
25.6909    203650
25.693    203659
25.7032    203668
25.707    203677
26.5619    201681
26.8463    201690
26.8468    201699
26.8472    201708
26.8481    201717
26.8489    201726
26.8493    201735
26.8502    201744
26.8506    201753
26.8515    201762
26.8527    201771
26.854    201780
26.8557    201789
26.8574    201798
26.8591    201807
26.8612    201816
26.8629    201825
26.8651    201834
26.8668    201843
26.8689    201852
26.8706    201861
26.8727    201870
26.8752    201879
28.0273    198887
28.0277    198896
28.0282    198905
28.029    198914
28.0299    198923
28.0307    198932
28.0315    198941
28.032    198950
28.0328    198959
28.0345    198968
28.0362    198977
28.0375    198986
28.0396    198995
28.0413    199004
29.1846    198012
29.1863    198021
29.188    198030
29.1901    198039
29.1918    198048
29.1939    198057
29.1956    198066
29.1986    198075
29.2083    198084
29.2087    198093
29.2095    198102
29.2104    198111
29.2109    198120
29.2117    198129
29.2125    198138
29.2133    198147
29.2142    198156
29.2159    198165
29.2172    198174
29.2189    198183
29.221    198192
29.4313    198201
29.4351    198210
30.366    198219
30.3677    198228
30.3698    198237
30.3715    198246
30.3736    198255
30.3753    198264
30.3774    198273
30.3808    198282
30.3892    198291
30.3901    198300
30.3905    198309
30.3914    198318
30.3922    198327
30.393    198336
32.0415    30706
32.042    35736
32.0424    40755
32.0428    44775
32.0437    51781
32.0441    57787
32.0449    60799
32.0458    63811
32.0463    67821
32.0475    71831
32.0492    79833
32.0509    87835
32.0526    95837
32.0547    103839
32.0564    107849
32.0582    111859
32.0602    111877
32.062    111895
32.064    111913
32.0658    111931
32.0679    111949
32.0704    111967
33.2229    108469
33.2234    68319
33.2276    68337
33.2531    68356
34.4039    68383
34.4048    68410
34.4056    68437
34.4069    68464
34.4081    68491
34.4102    68518
34.4116    68545
34.4128    68572
34.4141    68599
34.4158    68626
34.4179    68653
34.4196    68680
34.4217    68707
34.4234    68734
34.4302    68761
34.4357    68788
34.4396    68815
34.4434    68842
34.4472    68869
34.451    68896
34.4549    68923
34.4595    68950
35.5849    68977
35.5866    69004
35.5942    69031
35.6257    69058
35.6311    69085
35.635    69112
35.6388    69139
36.7658    69166
36.7671    69193
36.7743    69220
36.7921    69247
36.8112    69274
36.8151    69301
36.8189    69328
37.9463    69355
37.9476    69382
37.9549    69409
37.9659    69436
37.9913    69463
37.9952    69490
37.999    69517
39.1273    69544
39.1285    69571
39.1353    69598
39.1375    69625
39.1711    69652
39.1753    69679
39.1791    69706
39.1842    69733
40.3091    69760
40.3112    69787
40.318    69814
40.3503    69841
40.3554    69868
40.3592    69895
40.3634    69922
41.4896    69949
41.4913    69976
41.4986    70003
41.5197    70030
41.5355    70057
41.5393    70084
41.5432    70111
42.6705    70138
42.6715    70165
42.6791    70192
42.6935    70219
42.7156    70246
42.7194    70273
42.7233    70300
43.8511    70327
43.8524    70354
43.8592    70381
43.866    70408
43.8957    70435
43.8991    70462
43.9025    70489
43.9071    70516
45.0325    70543
45.0337    70570
45.041    70597
45.0588    70624
45.0779    70651
45.0813    70678
45.0847    70705
46.213    70732
46.2143    70759
46.2211    70786
46.2233    70813
46.2568    70840
46.2606    70867
46.264    70894
46.2674    70921
47.3944    70948
47.3956    70975
47.4029    71002
47.4207    71029
47.4398    71056
47.4432    71083
47.4466    71110
48.5749    71137
48.5762    71164
48.583    71191
48.5852    71218
48.6187    71245
48.6225    71272
48.6259    71299
48.6301    71326
49.7563    71353
49.758    71380
49.7653    71407
49.7864    71434
49.8018    71461
49.8055    71488
49.809    71515
50.9368    70412
50.9381    71436
50.9449    71463
50.9471    71490
50.9806    71517
50.9844    71544
50.9878    71571
51.2088    71598
52.1182    71625
52.1199    71652
52.1272    71679
52.1483    71706
52.1637    71733
52.1674    71760
52.1709    71787
53.2987    71814
53.3    71841
53.3068    71868
53.3136    71895
53.3434    71922
53.3468    71949
53.3502    71976
54.3433    72003
54.4805    72030
54.4818    72057
54.4894    72084
54.5209    72111
54.526    72138
54.5294    72165
54.5328    72192
55.6606    71070
55.6619    72094
55.6687    72121
55.6755    72148
55.7053    72175
55.7087    72202
55.7121    72229
56.7875    72256
56.8424    72283
56.8437    72310
56.8513    72337
56.8828    72364
56.8879    72391
56.8913    72418
56.8951    72445
58.023    72472
58.0242    72499
58.0311    72526
58.0421    72553
58.0675    72580
58.0709    72607
58.074    72634
59.1494    72661
59.2043    72646
59.2056    72673
59.2133    72700
59.2447    72727
59.2498    72754
59.2532    72781
59.415    72808
60.3849    72835
60.3861    72862
60.393    72889
60.404    72916
60.4295    72943
60.4328    72970
60.4362    72997
61.5118    73024
61.5667    73051
61.5684    73078
61.5752    73105
61.6075    73132
61.6121    73159
61.6155    73186
62.6914    73213
62.7471    73240
62.748    73267
62.7549    73294
62.7659    73321
62.7914    73348
62.7948    73375
62.7982    73402
63.8737    73429
63.9286    73456
63.9298    73483
63.9371    73510
63.9685    73537
63.9736    73564
63.977    73591
64.7157    73618
65.1087    73645
65.1096    73672
65.1163    73699
65.1185    73726
65.152    73753
65.1558    73780
65.1592    73807
66.2347    73834
66.2901    73861
66.2913    73888
66.2982    73915
66.316    73942
66.3351    73969
66.3385    73996
67.3719    74023
67.4161    74050
67.471    72978
67.4723    74002
67.4791    74029
67.4969    74056
67.516    74083
67.5194    74110
68.5533    74137
68.5979    74164
68.6524    73987
68.6539    74014
68.6609    74041
68.6924    74068
68.6975    74095
68.7009    74122
69.7347    74149
69.8321    74176
69.8338    74203
69.8372    74230
69.8419    74257
69.875    74284
69.8793    74311
70.2493    74338
70.9156    74365
71.0134    74392
71.015    74419
71.0211    74446
71.0233    74473
71.0568    74500
71.0606    74527
71.4307    74554
72.1391    74581
72.1948    74608
72.1961    74635
72.2025    74662
72.2135    74689
72.239    74716
72.242    74743
72.6121    74770
73.3204    74797
73.3762    74824
73.3773    74851
73.3839    74878
73.3983    74905
73.4204    74932
73.7914    74959
74.4576    74986
74.5022    75013
74.5572    75040
74.5587    75067
74.5653    75094
74.5865    75121
74.6018    75148
75.5011    75175
75.639    75202
75.6836    75229
75.7381    75214
75.7398    75241
75.7466    75268
75.7781    75295
75.7832    75322
76.6825    75349
76.8204    75376
76.9178    75403
76.9198    75430
76.9229    75457
76.9276    75484
76.9607    75511
76.965    75538
77.8639    75565
78.0438    75592
78.0992    75619
78.1009    75646
78.1069    75673
78.1136    75700
78.1417    75727
78.8131    75754
79.0444    75781
79.1823    75808
79.2801    75835
79.2818    74811
79.2878    75835
79.29    75862
79.3226    75889
79.9941    75916
80.2258    75943
80.4057    75970
80.4611    75997
80.4628    76024
80.4688    75985
80.4755    76012
80.5044    76039
81.1755    76066
81.4067    76093
81.5867    76120
81.6425    76147
81.6442    76174
81.6502    76201
81.6569    76228
82.3547    76255
82.3568    76282
82.5881    76309
82.7681    76336
82.8238    76363
82.8256    76390
82.8315    76417
82.8421    76444
83.5357    76471
83.7674    76498
83.9053    76525
83.9494    76552
84.0048    75540
84.0067    76564
84.0125    76591
84.0269    76618
84.717    76645
84.9483    76672
85.0862    76699
85.1308    76726
85.1858    76753
85.188    76780
85.1939    76807
85.2112    76834
85.898    76861
86.1297    76888
86.2676    76915
86.3122    76942
86.3671    76969
86.3694    76996
86.3752    77023
86.396    77050
87.0794    77077
87.3107    77104
87.4485    77131
87.4936    77158
87.5485    77185
87.5508    77212
87.5562    77239
87.5876    77266
88.2603    77293
88.492    77320
88.6299    77347
88.7273    77374
88.7295    77401
88.7324    77428
88.7371    77455
88.7694    77482
89.4413    77509
89.673    77536
89.8109    77563
89.8555    77590
89.9104    77617
89.9127    77644
89.9181    77671
89.9495    77698
90.6222    77725
90.8535    77752
90.9914    77779
91.036    77806
91.0909    77833
91.0932    77806
91.0987    77833
91.7171    77860
91.8028    77887
92.034    77914
92.1719    77941
92.2161    77968
92.2715    77995
92.2737    76917
92.2792    77941
92.898    77968
92.9833    77995
93.215    78022
93.3529    78049
93.3967    78076
93.4524    78103
93.4541    78130
93.4601    78157
94.0786    78184
94.1643    78211
94.1664    78238
94.3976    78265
94.5772    78292
94.633    78319
94.6351    78346
94.6407    78373
95.2591    78400
95.2608    78427
95.3465    78454
95.5778    78481
95.7156    78508
95.8131    78535
95.8152    78562
95.8186    78589
96.44    78616
96.4409    78643
96.4417    78670
96.7819    78697
96.784    78724
96.8966    78751
96.994    78778
96.9962    78805
96.9996    78832
97.621    78859
97.6218    78886
97.962    78913
97.9641    78940
98.0767    78967
98.1209    78994
98.1763    79021
98.1793    78018
98.1839    79042
98.8024    79069
98.8041    79096
99.1442    79123
99.1459    79150
99.2589    79177
99.3563    79204
99.3584    79231
99.364    79258
99.9829    79285
99.9842    79312
100.324    79339
100.326    79366
100.439    79393
100.483    79420
100.538    79447
100.542    79432
100.546    79459
101.164    79486
101.504    79513
101.506    79540
